           1    -7.55221    -7.55221           0
           2    -7.55125    -7.55173 0.000338921
           3    -7.53625    -7.54657  0.00422095
           4    -7.54242    -7.54553  0.00329113
           5    -7.56494    -7.54941  0.00435676
           6    -7.55474     -7.5503  0.00371995
           7    -7.54868    -7.55007  0.00319575
           8    -7.53974    -7.54878  0.00304599
           9    -7.54704    -7.54859  0.00271363
          10    -7.56406    -7.55013  0.00284949
           1    -7.56709    -7.56709           0
           2    -7.53608    -7.55159   0.0109661
           3    -7.55269    -7.55195  0.00731694
           4    -7.56181    -7.55442  0.00588822
           5    -7.56409    -7.55635  0.00501836
           6    -7.55101    -7.55546  0.00426023
           7    -7.54171     -7.5535  0.00407937
           8    -7.54863    -7.55289  0.00361463
           9    -7.55387      -7.553  0.00321463
          10    -7.55456    -7.55315  0.00289696
          11    -7.54026    -7.55198  0.00286105
          12    -7.54635    -7.55151   0.0026609
          13    -7.53586    -7.55031  0.00271493
          14    -7.54984    -7.55027  0.00252121
          15    -7.54494    -7.54992  0.00237806
          16    -7.53742    -7.54914  0.00235431
          17    -7.54494    -7.54889  0.00222875
          18    -7.52796    -7.54773  0.00238909
          19    -7.54503    -7.54759  0.00226756
          20    -7.54358    -7.54739    0.002163
          21    -7.54572    -7.54731  0.00206146
          22    -7.56283    -7.54801  0.00208498
          23    -7.53698    -7.54753   0.0020488
          24    -7.56602     -7.5483  0.00210331
          25    -7.54254    -7.54807  0.00203178
          26    -7.54756    -7.54805  0.00195373
          27    -7.54172    -7.54782  0.00189538
          28    -7.53706    -7.54743  0.00186625
          29    -7.55594    -7.54773  0.00182482
          30    -7.54073    -7.54749  0.00177886
          31    -7.56007     -7.5479  0.00176711
          32     -7.5562    -7.54816  0.00173084
          33    -7.55029    -7.54822  0.00167959
          34    -7.54182    -7.54803  0.00164071
          35    -7.55561    -7.54825  0.00160806
          36    -7.54545    -7.54817  0.00156527
          37      -7.555    -7.54836  0.00153381
          38    -7.53882    -7.54811  0.00151382
          39    -7.54778     -7.5481  0.00147503
          40     -7.5363     -7.5478  0.00146735
          41     -7.5578    -7.54805  0.00145168
          42    -7.55115    -7.54812  0.00141898
          43    -7.54013    -7.54794  0.00139811
          44    -7.55472    -7.54809  0.00137481
          45    -7.55529    -7.54825  0.00135354
          46    -7.55725    -7.54845   0.0013382
          47    -7.52811    -7.54801   0.0013779
          48    -7.54691    -7.54799  0.00134938
          49    -7.53571    -7.54774   0.0013449
          50    -7.53046    -7.54739  0.00136169
          51    -7.53725    -7.54719  0.00134943
          52    -7.56472    -7.54753  0.00136494
          53    -7.55463    -7.54767  0.00134574
          54    -7.54543    -7.54762  0.00132145
          55     -7.5305    -7.54731  0.00133361
          56    -7.53311    -7.54706  0.00133371
          57    -7.55743    -7.54724  0.00132267
          58    -7.54263    -7.54716  0.00130225
          59    -7.54525    -7.54713  0.00128059
          60    -7.56059    -7.54735  0.00127874
          61    -7.52172    -7.54693  0.00132501
          62    -7.54246    -7.54686   0.0013056
          63    -7.53464    -7.54667   0.0012992
          64    -7.54223     -7.5466  0.00128075
          65    -7.54585    -7.54659   0.0012611
          66    -7.54977    -7.54663  0.00124291
          67    -7.53953    -7.54653  0.00122887
          68     -7.5523    -7.54661  0.00121373
          69     -7.5437    -7.54657  0.00119687
          70    -7.54917    -7.54661  0.00118035
          71    -7.54572     -7.5466  0.00116379
          72     -7.5672    -7.54688  0.00118228
          73    -7.54976    -7.54692  0.00116674
          74    -7.55024    -7.54697  0.00115184
          75    -7.55276    -7.54704  0.00113906
          76    -7.54055    -7.54696  0.00112728
          77    -7.53221    -7.54677   0.0011288
          78    -7.55646    -7.54689  0.00112114
          79      -7.562    -7.54708  0.00112315
          80    -7.55216    -7.54715   0.0011109
          81    -7.54494    -7.54712  0.00109752
          82    -7.54888    -7.54714  0.00108435
          83    -7.54218    -7.54708  0.00107293
          84    -7.54743    -7.54708  0.00106017
          85    -7.55305    -7.54715  0.00105001
          86     -7.5487    -7.54717  0.00103796
          87    -7.56069    -7.54733  0.00103759
          88    -7.56263     -7.5475  0.00104026
          89     -7.5345    -7.54736  0.00103878
          90    -7.56832    -7.54759  0.00105303
          91    -7.53625    -7.54746   0.0010488
          92     -7.5533    -7.54753  0.00103932
          93    -7.55302    -7.54759  0.00102982
          94    -7.53307    -7.54743  0.00103038
          95    -7.52494     -7.5472  0.00104638
          96    -7.54631    -7.54719  0.00103552
          97    -7.53699    -7.54708  0.00103016
          98    -7.56283    -7.54724   0.0010321
          99    -7.53575    -7.54713  0.00102818
         100    -7.53987    -7.54705  0.00102046
