           2           0           0           0
           3           0           0           0
           4           0           0           0
           5           0           0           0
           6           0           0           0
           7           0           0           0
           8           0           0           0
           9           0           0           0
          10           0           0           0
          11           0           0           0
          12           0           0           0
          13           0           0           0
          14           0           0           0
          15           0           0           0
          16           0           0           0
          17           0           0           0
          18           0           0           0
          19           0           0           0
          20           0           0           0
          21           0           0           0
          22           0           0           0
          23           0           0           0
          24           0           0           0
          25           0           0           0
          26           0           0           0
          27           0           0           0
          28           0           0           0
          29           0           0           0
          30           0           0           0
          31           0           0           0
          32           0           0           0
          33           0           0           0
          34           0           0           0
          35           0           0           0
          36           0           0           0
          37           0           0           0
          38           0           0           0
          39           0           0           0
          40           0 5.89124e-05  3.4225e-05
          41  0.00216874   0.0029243  0.00018076
          42   0.0469824   0.0465365 0.000639204
          43    0.278551    0.292367  0.00322987
          44    0.990113     0.99977  0.00387822
          45       2.206     2.23776  0.00917892
          46     3.60189     3.61607  0.00716711
          47     4.64508     4.63309  0.00657019
          48     4.92158     4.89694  0.00986486
          49     4.52012     4.50901   0.0075639
          50     3.69132     3.65677  0.00825664
          51     2.73357     2.69423  0.00733841
          52     1.83313      1.8187   0.0051101
          53     1.11652       1.122  0.00274422
          54    0.646286    0.652048  0.00187077
          55    0.337242    0.352291  0.00326916
          56    0.162178     0.17751  0.00300541
          57   0.0836683   0.0897848   0.0017662
          58   0.0376822   0.0495545  0.00209194
          59   0.0306052   0.0420451  0.00197594
          60   0.0478763   0.0610176  0.00190105
          61   0.0945962    0.106026  0.00195266
          62    0.171956    0.184541  0.00189818
          63    0.295935    0.300905  0.00207034
          64    0.445684      0.4545  0.00151204
          65    0.635955    0.626675  0.00229709
          66    0.812545    0.798584  0.00255127
          67    0.939744    0.920865  0.00288266
          68    0.990781      0.9743  0.00482404
          69    0.945447     0.92992  0.00342145
          70    0.819152    0.802214  0.00253151
          71    0.651298    0.640782  0.00177108
          72    0.461405    0.464796   0.0011888
          73    0.302882     0.31789  0.00200934
          74    0.210248    0.219917  0.00191004
          75    0.174722    0.192081  0.00291454
          76    0.240176    0.253633  0.00302442
          77    0.416832    0.432079  0.00367682
          78     0.73341    0.745734   0.0023471
          79     1.19707     1.19709  0.00363963
          80      1.7226     1.72592   0.0008549
          81     2.24052     2.24282   0.0031613
          82     2.61407     2.60073  0.00485635
          83     2.73398     2.71326  0.00569767
          84     2.58439     2.56166  0.00470915
          85     2.20996     2.18391  0.00505596
          86      1.7114     1.68944   0.0036992
          87     1.19758     1.19658  0.00198965
          88    0.791468    0.798958  0.00290213
          89    0.522878    0.539563  0.00341938
          90    0.410112    0.432418  0.00417456
          91    0.444034     0.46293  0.00386922
          92    0.583801     0.58847  0.00261788
          93    0.760881    0.759721  0.00140564
          94    0.919274    0.916788  0.00232534
          95      1.0171     1.01404  0.00233241
          96     1.01818     1.02291  0.00331999
          97    0.926591    0.919402  0.00190627
          98    0.777536    0.781484  0.00204166
          99    0.646507    0.653907  0.00241593
         100    0.556356    0.572106  0.00285068
         101    0.551801    0.573826  0.00390098
           2           0           0           0
           3           0           0           0
           4           0           0           0
           5           0           0           0
           6           0           0           0
           7           0           0           0
           8           0           0           0
           9           0           0           0
          10           0           0           0
          11           0           0           0
          12           0           0           0
          13           0           0           0
          14           0           0           0
          15           0           0           0
          16           0           0           0
          17           0           0           0
          18           0           0           0
          19           0           0           0
          20           0           0           0
          21           0           0           0
          22           0           0           0
          23           0           0           0
          24           0           0           0
          25           0           0           0
          26           0           0           0
          27           0           0           0
          28           0           0           0
          29           0           0           0
          30           0           0           0
          31           0           0           0
          32           0           0           0
          33           0           0           0
          34           0           0           0
          35           0           0           0
          36           0           0           0
          37           0           0           0
          38           0           0           0
          39           0           0           0
          40 0.000368203 8.76322e-05 1.20417e-05
          41  0.00356792  0.00341611 8.68626e-05
          42   0.0490454   0.0471235 0.000295806
          43    0.293698    0.293085 0.000891274
          44     1.00353     1.00612  0.00159316
          45       2.236     2.23794  0.00218954
          46     3.66754     3.62849  0.00234454
          47     4.65689     4.61921  0.00227378
          48     4.87019      4.8992  0.00310232
          49       4.485     4.49322  0.00305443
          50     3.63364     3.65743  0.00283368
          51      2.6442     2.69406  0.00224147
          52     1.78387     1.81522  0.00128357
          53     1.14254     1.12928  0.00129469
          54     0.68177    0.652346  0.00111085
          55     0.35795    0.353397 0.000881477
          56    0.183236    0.179995 0.000760954
          57   0.0950438   0.0892079 0.000585812
          58   0.0531722     0.04975  0.00047048
          59   0.0449669   0.0422748 0.000392908
          60   0.0626124   0.0611178 0.000401626
          61    0.108964    0.105985 0.000512432
          62    0.190088    0.183654 0.000600855
          63    0.302602     0.29954 0.000635215
          64    0.476814    0.453382 0.000637058
          65     0.62602     0.62717 0.000655307
          66    0.787724    0.797924 0.000818638
          67    0.902775    0.922266    0.001211
          68    0.957186    0.970223  0.00111279
          69    0.926233        0.93  0.00108209
          70    0.808079    0.809229 0.000920222
          71    0.639569    0.641094 0.000647851
          72     0.47164    0.465898 0.000519419
          73    0.322974    0.316208 0.000598054
          74    0.214194    0.219004 0.000661774
          75    0.201838    0.191176 0.000803166
          76    0.262204    0.254493 0.000976314
          77    0.435311    0.433142  0.00108647
          78    0.760811    0.749137   0.0012726
          79     1.20978      1.1989  0.00101396
          80     1.72577     1.72739  0.00081509
          81     2.25274     2.23609  0.00130294
          82     2.57863     2.59726  0.00185876
          83     2.67882     2.71508  0.00219547
          84      2.5443     2.55791  0.00189543
          85     2.16114     2.18056  0.00153459
          86     1.69208     1.68927 0.000851336
          87     1.20723     1.20012 0.000887557
          88    0.804292    0.801934 0.000997599
          89     0.54991    0.542059  0.00115313
          90    0.445094    0.434213  0.00114127
          91    0.473578    0.461489  0.00096953
          92    0.600568    0.587041   0.0007398
          93    0.767504    0.757689 0.000502449
          94    0.914324    0.917683 0.000612611
          95     1.00661     1.01438  0.00082789
          96     1.00653     1.02199 0.000870654
          97    0.906232    0.919738 0.000845824
          98    0.775121    0.780842 0.000475465
          99    0.659781    0.653678 0.000672571
         100    0.582075    0.571709 0.000965557
         101    0.580975    0.573012  0.00117897
