           1     7.56065     7.56065           0
           2     7.57213     7.56639  0.00405786
           3     7.65154     7.59477   0.0233309
           4     7.61363     7.59949    0.017968
           5     7.48924     7.57744   0.0244038
           6     7.54773     7.57249   0.0208328
           7     7.58018     7.57359   0.0178857
           8      7.6349     7.58125   0.0172139
           9     7.59375     7.58264   0.0153571
          10     7.49623       7.574   0.0160697
           1     7.48025     7.48025           0
           2     7.65234      7.5663   0.0608451
           3     7.56044     7.56434   0.0405947
           4     7.50607     7.54978   0.0329565
           5     7.50079     7.53998   0.0277835
           6     7.57036     7.54504   0.0236099
           7     7.62494     7.55646   0.0228301
           8     7.58499     7.56002    0.020253
           9      7.5527     7.55921    0.018019
          10     7.55138     7.55843   0.0162341
          11     7.63526     7.56541   0.0161915
          12     7.59532      7.5679   0.0150327
          13     7.65232      7.5744   0.0152145
          14     7.57454     7.57441   0.0141277
          15     7.60501     7.57645   0.0133324
          16      7.6445      7.5807   0.0131601
          17     7.60122     7.58191   0.0124412
          18     7.70178     7.58857   0.0134145
          19     7.60493     7.58943   0.0127361
          20     7.60568     7.59024   0.0121251
          21      7.5973     7.59058   0.0115524
          22      7.5016     7.58653    0.011714
          23     7.65218     7.58939   0.0115471
          24     7.48955     7.58523   0.0117916
          25     7.61946      7.5866   0.0113991
          26     7.58737     7.58663   0.0109607
          27     7.62127     7.58791   0.0106296
          28     7.64322     7.58988   0.0104319
          29      7.5447     7.58833   0.0101879
          30       7.625     7.58955  0.00992137
          31     7.51786     7.58724  0.00986714
          32     7.54093     7.58579  0.00966434
          33     7.57003     7.58531  0.00938327
          34     7.62378     7.58644  0.00917526
          35     7.54865     7.58536  0.00897644
          36     7.59704     7.58569  0.00873296
          37     7.54298     7.58453  0.00857288
          38     7.63596     7.58589  0.00845343
          39     7.58502     7.58586  0.00823671
          40     7.65534      7.5876   0.0082119
          41     7.53369     7.58629  0.00811618
          42      7.5688     7.58587  0.00793361
          43     7.62864     7.58687  0.00781121
          44     7.54865       7.586  0.00768182
          45     7.54956     7.58519  0.00755366
          46     7.53739     7.58415  0.00746058
          47     7.69564     7.58652  0.00766972
          48     7.59248     7.58664  0.00751094
          49     7.65832     7.58811  0.00749875
          50     7.68159     7.58998  0.00757827
          51     7.63857     7.59093  0.00748934
          52     7.49852     7.58915  0.00755323
          53      7.5485     7.58839  0.00744957
          54     7.59987      7.5886  0.00731465
          55     7.68265     7.59031  0.00737884
          56     7.67404      7.5918  0.00739702
          57     7.52943     7.59071  0.00734775
          58       7.613     7.59109  0.00723111
          59     7.60466     7.59132  0.00711221
          60     7.51782      7.5901   0.0070984
          61     7.73421     7.59246  0.00736469
          62     7.61624     7.59284  0.00725588
          63     7.65391     7.59381  0.00720516
          64     7.61433     7.59413   0.0070997
          65     7.59299     7.59412   0.0069905
          66     7.57109     7.59377  0.00689329
          67     7.62928      7.5943  0.00681075
          68     7.56668     7.59389  0.00672268
          69     7.61084     7.59414  0.00662974
          70     7.57898     7.59392  0.00653856
          71     7.59829     7.59398  0.00644676
          72     7.47816     7.59237  0.00655486
          73      7.5769     7.59216  0.00646849
          74     7.57339     7.59191  0.00638605
          75     7.56134      7.5915  0.00631389
          76     7.62936       7.592  0.00625044
          77     7.67395     7.59306  0.00625923
          78     7.53651     7.59234  0.00622083
          79     7.50712     7.59126   0.0062349
          80     7.55891     7.59085  0.00617007
          81     7.60531     7.59103  0.00609647
          82     7.57931     7.59089   0.0060238
          83     7.62069     7.59125  0.00596192
          84     7.59454     7.59129  0.00589107
          85     7.56419     7.59097  0.00583038
          86     7.58487      7.5909  0.00576302
          87     7.51554     7.59003   0.0057615
          88     7.50974     7.58912  0.00576782
          89     7.66359     7.58996  0.00576339
          90     7.47101     7.58863  0.00584892
          91     7.65238     7.58934  0.00582643
          92     7.55246     7.58893  0.00577687
          93      7.5588     7.58861  0.00572384
          94     7.66889     7.58946   0.0057263
          95      7.7141     7.59078  0.00581438
          96      7.6001     7.59087  0.00575462
          97     7.63936     7.59137  0.00571696
          98     7.50145     7.59046  0.00573179
          99      7.6546      7.5911  0.00571039
         100     7.63178     7.59151  0.00566775
