           1           2           0
           1           3           0
           1           4           0
           1           5           0
           1           6           0
           1           7           0
           1           8           0
           1           9           0
           1          10           0
           1          11           0
           1          12           0
           1          13           0
           1          14           0
           1          15           0
           1          16           0
           1          17           0
           1          18           0
           1          19           0
           1          20           0
           1          21           0
           1          22           0
           1          23           0
           1          24           0
           1          25           0
           1          26           0
           1          27           0
           1          28           0
           1          29           0
           1          30           0
           1          31           0
           1          32           0
           1          33           0
           1          34           0
           1          35           0
           1          36           0
           1          37           0
           1          38           0
           1          39           0
           1          40           0
           1          41    0.003428
           1          42   0.0437216
           1          43     0.29167
           1          44     1.00625
           1          45     2.21327
           1          46     3.64753
           1          47     4.63164
           1          48     4.87761
           1          49     4.49555
           1          50     3.66218
           1          51     2.69748
           1          52     1.84319
           1          53     1.12072
           1          54     0.65678
           1          55    0.341094
           1          56    0.180149
           1          57   0.0915709
           1          58    0.048385
           1          59   0.0440425
           1          60   0.0638883
           1          61    0.105573
           1          62     0.19137
           1          63    0.305141
           1          64    0.457644
           1          65    0.618981
           1          66    0.789587
           1          67    0.920357
           1          68    0.954545
           1          69     0.93021
           1          70    0.803333
           1          71    0.643026
           1          72    0.463931
           1          73    0.319664
           1          74    0.225304
           1          75    0.195574
           1          76    0.249636
           1          77    0.433167
           1          78    0.747623
           1          79     1.19844
           1          80     1.72138
           1          81     2.23717
           1          82     2.59765
           1          83     2.70999
           1          84      2.5688
           1          85     2.19776
           1          86     1.68597
           1          87     1.19919
           1          88    0.801782
           1          89     0.53685
           1          90    0.440216
           1          91    0.465266
           1          92    0.584321
           1          93    0.756513
           1          94    0.898173
           1          95     1.01141
           1          96     1.02641
           1          97    0.920332
           1          98    0.791954
           1          99    0.664822
           1         100    0.572478
           1         101     0.58006
           2           2           0
           2           3           0
           2           4           0
           2           5           0
           2           6           0
           2           7           0
           2           8           0
           2           9           0
           2          10           0
           2          11           0
           2          12           0
           2          13           0
           2          14           0
           2          15           0
           2          16           0
           2          17           0
           2          18           0
           2          19           0
           2          20           0
           2          21           0
           2          22           0
           2          23           0
           2          24           0
           2          25           0
           2          26           0
           2          27           0
           2          28           0
           2          29           0
           2          30           0
           2          31           0
           2          32           0
           2          33           0
           2          34           0
           2          35           0
           2          36           0
           2          37           0
           2          38           0
           2          39           0
           2          40           0
           2          41  0.00349796
           2          42   0.0475148
           2          43    0.282607
           2          44     1.01948
           2          45     2.22988
           2          46     3.60608
           2          47     4.60206
           2          48     4.91845
           2          49     4.54127
           2          50     3.66923
           2          51     2.70978
           2          52     1.79713
           2          53     1.10303
           2          54     0.65183
           2          55    0.347921
           2          56    0.175665
           2          57     0.09352
           2          58    0.049616
           2          59   0.0412032
           2          60   0.0578918
           2          61   0.0990979
           2          62    0.178845
           2          63    0.300812
           2          64    0.461836
           2          65     0.62334
           2          66    0.810945
           2          67    0.922392
           2          68    0.981302
           2          69    0.933037
           2          70    0.797261
           2          71    0.635004
           2          72    0.472057
           2          73    0.311892
           2          74    0.218596
           2          75    0.191675
           2          76    0.253727
           2          77    0.429069
           2          78    0.743501
           2          79      1.2006
           2          80     1.72478
           2          81     2.24539
           2          82     2.59425
           2          83     2.72928
           2          84     2.55982
           2          85     2.18863
           2          86     1.68514
           2          87     1.19201
           2          88    0.799842
           2          89     0.53665
           2          90    0.422865
           2          91     0.45882
           2          92    0.587186
           2          93    0.761272
           2          94    0.924199
           2          95     1.02326
           2          96     1.03616
           2          97    0.920427
           2          98    0.775239
           2          99    0.642948
           2         100    0.562083
           2         101    0.563532
           3           2           0
           3           3           0
           3           4           0
           3           5           0
           3           6           0
           3           7           0
           3           8           0
           3           9           0
           3          10           0
           3          11           0
           3          12           0
           3          13           0
           3          14           0
           3          15           0
           3          16           0
           3          17           0
           3          18           0
           3          19           0
           3          20           0
           3          21           0
           3          22           0
           3          23           0
           3          24           0
           3          25           0
           3          26           0
           3          27           0
           3          28           0
           3          29           0
           3          30           0
           3          31           0
           3          32           0
           3          33           0
           3          34           0
           3          35           0
           3          36           0
           3          37           0
           3          38           0
           3          39           0
           3          40           0
           3          41    0.003428
           3          42   0.0461173
           3          43    0.289579
           3          44      1.0132
           3          45     2.27136
           3          46     3.64499
           3          47     4.67724
           3          48     4.85863
           3          49     4.46004
           3          50     3.60696
           3          51     2.65467
           3          52     1.79932
           3          53     1.12624
           3          54    0.655632
           3          55    0.365349
           3          56    0.198744
           3          57    0.103549
           3          58   0.0646615
           3          59   0.0561921
           3          60   0.0717986
           3          61    0.116549
           3          62    0.190416
           3          63    0.302977
           3          64    0.456833
           3          65    0.630026
           3          66    0.786989
           3          67    0.908322
           3          68     0.95304
           3          69    0.912289
           3          70    0.794795
           3          71    0.632179
           3          72    0.464634
           3          73    0.326433
           3          74    0.231015
           3          75    0.210991
           3          76    0.271723
           3          77    0.458961
           3          78    0.755532
           3          79     1.21961
           3          80      1.7252
           3          81     2.22515
           3          82     2.58527
           3          83     2.67098
           3          84     2.52802
           3          85     2.14844
           3          86     1.67152
           3          87     1.19658
           3          88    0.818954
           3          89    0.563996
           3          90    0.458808
           3          91    0.491648
           3          92    0.608924
           3          93    0.758899
           3          94    0.917105
           3          95     1.00082
           3          96     1.00498
           3          97    0.905502
           3          98    0.772519
           3          99    0.662135
           3         100    0.587802
           3         101    0.598286
           4           2           0
           4           3           0
           4           4           0
           4           5           0
           4           6           0
           4           7           0
           4           8           0
           4           9           0
           4          10           0
           4          11           0
           4          12           0
           4          13           0
           4          14           0
           4          15           0
           4          16           0
           4          17           0
           4          18           0
           4          19           0
           4          20           0
           4          21           0
           4          22           0
           4          23           0
           4          24           0
           4          25           0
           4          26           0
           4          27           0
           4          28           0
           4          29           0
           4          30           0
           4          31           0
           4          32           0
           4          33           0
           4          34           0
           4          35           0
           4          36           0
           4          37           0
           4          38           0
           4          39           0
           4          40 7.36405e-05
           4          41  0.00258849
           4          42   0.0487126
           4          43    0.304473
           4          44      1.0022
           4          45     2.24609
           4          46     3.60211
           4          47     4.63353
           4          48     4.91118
           4          49     4.49734
           4          50      3.6264
           4          51     2.67378
           4          52     1.83253
           4          53     1.13978
           4          54    0.650246
           4          55    0.358217
           4          56    0.171108
           4          57   0.0916063
           4          58   0.0519412
           4          59   0.0412362
           4          60   0.0612728
           4          61    0.107793
           4          62    0.183407
           4          63    0.298099
           4          64     0.45144
           4          65    0.618548
           4          66    0.796593
           4          67    0.924427
           4          68    0.996187
           4          69    0.931432
           4          70    0.802356
           4          71    0.641196
           4          72    0.461691
           4          73    0.314156
           4          74    0.218825
           4          75    0.196079
           4          76    0.256009
           4          77    0.434028
           4          78    0.749824
           4          79     1.19549
           4          80     1.72554
           4          81     2.24398
           4          82     2.58372
           4          83     2.70914
           4          84     2.56226
           4          85     2.18735
           4          86     1.69914
           4          87     1.20123
           4          88    0.788273
           4          89    0.540885
           4          90    0.434209
           4          91    0.454595
           4          92     0.59413
           4          93    0.765183
           4          94    0.918177
           4          95     1.00822
           4          96     1.01553
           4          97    0.922749
           4          98    0.775133
           4          99    0.654155
           4         100    0.577024
           4         101    0.569872
           5           2           0
           5           3           0
           5           4           0
           5           5           0
           5           6           0
           5           7           0
           5           8           0
           5           9           0
           5          10           0
           5          11           0
           5          12           0
           5          13           0
           5          14           0
           5          15           0
           5          16           0
           5          17           0
           5          18           0
           5          19           0
           5          20           0
           5          21           0
           5          22           0
           5          23           0
           5          24           0
           5          25           0
           5          26           0
           5          27           0
           5          28           0
           5          29           0
           5          30           0
           5          31           0
           5          32           0
           5          33           0
           5          34           0
           5          35           0
           5          36           0
           5          37           0
           5          38           0
           5          39           0
           5          40           0
           5          41  0.00363788
           5          42   0.0439878
           5          43    0.282544
           5          44    0.982498
           5          45      2.2034
           5          46     3.62013
           5          47     4.64524
           5          48      4.9399
           5          49     4.53875
           5          50     3.66928
           5          51      2.6871
           5          52     1.80467
           5          53     1.12583
           5          54     0.64783
           5          55    0.351048
           5          56    0.171623
           5          57   0.0859717
           5          58   0.0478037
           5          59   0.0401137
           5          60   0.0604116
           5          61    0.108194
           5          62    0.181439
           5          63    0.288547
           5          64    0.449484
           5          65    0.634412
           5          66    0.796934
           5          67     0.92804
           5          68    0.987498
           5          69    0.938907
           5          70    0.789631
           5          71    0.643365
           5          72    0.457891
           5          73     0.32101
           5          74     0.21301
           5          75    0.187775
           5          76    0.249322
           5          77    0.420585
           5          78    0.737794
           5          79      1.1811
           5          80     1.72591
           5          81     2.24472
           5          82     2.63141
           5          83     2.73142
           5          84      2.5815
           5          85     2.19435
           5          86      1.6969
           5          87     1.18817
           5          88    0.784611
           5          89    0.529964
           5          90    0.423826
           5          91      0.4545
           5          92     0.57739
           5          93    0.758455
           5          94    0.918547
           5          95     1.02523
           5          96     1.03791
           5          97    0.924724
           5          98    0.787793
           5          99    0.645945
           5         100    0.567078
           5         101    0.565892
           6           2           0
           6           3           0
           6           4           0
           6           5           0
           6           6           0
           6           7           0
           6           8           0
           6           9           0
           6          10           0
           6          11           0
           6          12           0
           6          13           0
           6          14           0
           6          15           0
           6          16           0
           6          17           0
           6          18           0
           6          19           0
           6          20           0
           6          21           0
           6          22           0
           6          23           0
           6          24           0
           6          25           0
           6          26           0
           6          27           0
           6          28           0
           6          29           0
           6          30           0
           6          31           0
           6          32           0
           6          33           0
           6          34           0
           6          35           0
           6          36           0
           6          37           0
           6          38           0
           6          39           0
           6          40 7.36405e-05
           6          41  0.00265845
           6          42   0.0481803
           6          43    0.301494
           6          44    0.978268
           6          45     2.23836
           6          46     3.58414
           6          47      4.6387
           6          48     4.91825
           6          49      4.5178
           6          50     3.65387
           6          51     2.70662
           6          52     1.83643
           6          53     1.12175
           6          54     0.65278
           6          55    0.347615
           6          56    0.173754
           6          57   0.0853339
           6          58   0.0440423
           6          59   0.0378026
           6          60   0.0563608
           6          61    0.105511
           6          62    0.189521
           6          63     0.29758
           6          64    0.455632
           6          65    0.638662
           6          66    0.795674
           6          67    0.917685
           6          68    0.972589
           6          69    0.923837
           6          70    0.805124
           6          71    0.646371
           6          72    0.468521
           6          73    0.320775
           6          74    0.216727
           6          75    0.182097
           6          76     0.24822
           6          77    0.432803
           6          78    0.746169
           6          79     1.17843
           6          80     1.72999
           6          81     2.26061
           6          82     2.61443
           6          83     2.71555
           6          84     2.55607
           6          85     2.17677
           6          86     1.69485
           6          87     1.19943
           6          88    0.801111
           6          89    0.540044
           6          90    0.429499
           6          91    0.457798
           6          92    0.587586
           6          93    0.750411
           6          94     0.91921
           6          95     1.01585
           6          96     1.02788
           6          97    0.915736
           6          98    0.780314
           6          99    0.662457
           6         100    0.573108
           6         101    0.575242
           7           2           0
           7           3           0
           7           4           0
           7           5           0
           7           6           0
           7           7           0
           7           8           0
           7           9           0
           7          10           0
           7          11           0
           7          12           0
           7          13           0
           7          14           0
           7          15           0
           7          16           0
           7          17           0
           7          18           0
           7          19           0
           7          20           0
           7          21           0
           7          22           0
           7          23           0
           7          24           0
           7          25           0
           7          26           0
           7          27           0
           7          28           0
           7          29           0
           7          30           0
           7          31           0
           7          32           0
           7          33           0
           7          34           0
           7          35           0
           7          36           0
           7          37           0
           7          38           0
           7          39           0
           7          40           0
           7          41  0.00237861
           7          42   0.0499105
           7          43    0.310113
           7          44     1.00516
           7          45     2.20958
           7          46     3.59571
           7          47     4.61302
           7          48     4.89114
           7          49     4.53019
           7          50     3.68599
           7          51     2.72248
           7          52     1.81374
           7          53     1.12323
           7          54    0.643513
           7          55    0.343192
           7          56    0.174305
           7          57   0.0857945
           7          58   0.0464701
           7          59   0.0392222
           7          60   0.0617512
           7          61    0.100547
           7          62    0.180843
           7          63    0.298388
           7          64    0.450909
           7          65    0.625153
           7          66    0.804464
           7          67    0.926005
           7          68    0.984314
           7          69    0.944728
           7          70    0.803356
           7          71    0.634055
           7          72    0.465556
           7          73    0.320113
           7          74     0.21843
           7          75    0.192341
           7          76    0.241278
           7          77    0.418958
           7          78    0.747157
           7          79     1.19011
           7          80     1.72885
           7          81     2.25284
           7          82      2.6116
           7          83     2.71949
           7          84     2.56152
           7          85     2.18641
           7          86     1.69543
           7          87     1.18522
           7          88    0.800834
           7          89    0.530819
           7          90    0.421053
           7          91    0.461164
           7          92    0.581056
           7          93    0.758338
           7          94    0.924709
           7          95     1.01963
           7          96     1.03236
           7          97    0.923204
           7          98    0.788696
           7          99    0.649562
           7         100    0.565492
           7         101    0.568924
           8           2           0
           8           3           0
           8           4           0
           8           5           0
           8           6           0
           8           7           0
           8           8           0
           8           9           0
           8          10           0
           8          11           0
           8          12           0
           8          13           0
           8          14           0
           8          15           0
           8          16           0
           8          17           0
           8          18           0
           8          19           0
           8          20           0
           8          21           0
           8          22           0
           8          23           0
           8          24           0
           8          25           0
           8          26           0
           8          27           0
           8          28           0
           8          29           0
           8          30           0
           8          31           0
           8          32           0
           8          33           0
           8          34           0
           8          35           0
           8          36           0
           8          37           0
           8          38           0
           8          39           0
           8          40 7.36405e-05
           8          41  0.00335804
           8          42   0.0461838
           8          43    0.298578
           8          44     1.00166
           8          45     2.28434
           8          46     3.60641
           8          47     4.60738
           8          48     4.90108
           8          49     4.49681
           8          50     3.62937
           8          51     2.67133
           8          52      1.8229
           8          53     1.12377
           8          54    0.665572
           8          55    0.361688
           8          56    0.180038
           8          57   0.0907204
           8          58   0.0516335
           8          59   0.0431841
           8          60    0.062453
           8          61     0.11103
           8          62    0.189939
           8          63    0.312847
           8          64    0.455352
           8          65    0.623989
           8          66    0.792499
           8          67    0.913385
           8          68     0.96743
           8          69    0.925083
           8          70    0.796447
           8          71    0.642574
           8          72     0.46683
           8          73    0.318725
           8          74    0.219614
           8          75    0.190947
           8          76    0.264583
           8          77    0.439448
           8          78    0.758181
           8          79     1.20169
           8          80     1.72965
           8          81     2.22913
           8          82     2.58726
           8          83     2.69464
           8          84     2.56202
           8          85     2.18019
           8          86     1.67932
           8          87      1.2082
           8          88    0.805707
           8          89    0.548085
           8          90    0.443519
           8          91    0.471466
           8          92    0.592398
           8          93    0.759616
           8          94    0.909425
           8          95     1.00544
           8          96     1.01973
           8          97    0.912851
           8          98    0.778638
           8          99    0.649665
           8         100     0.57834
           8         101    0.577612
           9           2           0
           9           3           0
           9           4           0
           9           5           0
           9           6           0
           9           7           0
           9           8           0
           9           9           0
           9          10           0
           9          11           0
           9          12           0
           9          13           0
           9          14           0
           9          15           0
           9          16           0
           9          17           0
           9          18           0
           9          19           0
           9          20           0
           9          21           0
           9          22           0
           9          23           0
           9          24           0
           9          25           0
           9          26           0
           9          27           0
           9          28           0
           9          29           0
           9          30           0
           9          31           0
           9          32           0
           9          33           0
           9          34           0
           9          35           0
           9          36           0
           9          37           0
           9          38           0
           9          39           0
           9          40 0.000368203
           9          41  0.00209878
           9          42   0.0440543
           9          43    0.284065
           9          44    0.998875
           9          45     2.27534
           9          46     3.65172
           9          47     4.63701
           9          48     4.83162
           9          49     4.49221
           9          50     3.67309
           9          51      2.6855
           9          52     1.80394
           9          53     1.11916
           9          54    0.650008
           9          55    0.369544
           9          56    0.187535
           9          57   0.0861135
           9          58    0.053309
           9          59   0.0468488
           9          60   0.0664719
           9          61    0.111369
           9          62    0.187672
           9          63     0.30872
           9          64    0.460187
           9          65    0.617682
           9          66     0.79961
           9          67    0.908296
           9          68     0.95531
           9          69     0.91423
           9          70    0.810684
           9          71    0.638755
           9          72    0.465446
           9          73    0.323252
           9          74    0.227402
           9          75    0.198605
           9          76    0.261653
           9          77    0.436939
           9          78    0.738148
           9          79     1.20836
           9          80     1.72528
           9          81     2.24866
           9          82     2.58761
           9          83     2.71816
           9          84     2.55222
           9          85     2.16928
           9          86     1.67471
           9          87     1.19822
           9          88    0.796997
           9          89    0.545461
           9          90    0.440077
           9          91    0.470008
           9          92    0.587906
           9          93    0.767647
           9          94    0.919057
           9          95     1.01345
           9          96     1.00999
           9          97      0.9219
           9          98    0.787019
           9          99    0.660872
           9         100    0.581299
           9         101    0.587039
          10           2           0
          10           3           0
          10           4           0
          10           5           0
          10           6           0
          10           7           0
          10           8           0
          10           9           0
          10          10           0
          10          11           0
          10          12           0
          10          13           0
          10          14           0
          10          15           0
          10          16           0
          10          17           0
          10          18           0
          10          19           0
          10          20           0
          10          21           0
          10          22           0
          10          23           0
          10          24           0
          10          25           0
          10          26           0
          10          27           0
          10          28           0
          10          29           0
          10          30           0
          10          31           0
          10          32           0
          10          33           0
          10          34           0
          10          35           0
          10          36           0
          10          37           0
          10          38           0
          10          39           0
          10          40           0
          10          41  0.00216874
          10          42   0.0469824
          10          43    0.278551
          10          44    0.990113
          10          45       2.206
          10          46     3.60189
          10          47     4.64508
          10          48     4.92158
          10          49     4.52012
          10          50     3.69132
          10          51     2.73357
          10          52     1.83313
          10          53     1.11652
          10          54    0.646286
          10          55    0.337242
          10          56    0.162178
          10          57   0.0836683
          10          58   0.0376822
          10          59   0.0306052
          10          60   0.0478763
          10          61   0.0945962
          10          62    0.171956
          10          63    0.295935
          10          64    0.445684
          10          65    0.635955
          10          66    0.812545
          10          67    0.939744
          10          68    0.990781
          10          69    0.945447
          10          70    0.819152
          10          71    0.651298
          10          72    0.461405
          10          73    0.302882
          10          74    0.210248
          10          75    0.174722
          10          76    0.240176
          10          77    0.416832
          10          78     0.73341
          10          79     1.19707
          10          80      1.7226
          10          81     2.24052
          10          82     2.61407
          10          83     2.73398
          10          84     2.58439
          10          85     2.20996
          10          86      1.7114
          10          87     1.19758
          10          88    0.791468
          10          89    0.522878
          10          90    0.410112
          10          91    0.444034
          10          92    0.583801
          10          93    0.760881
          10          94    0.919274
          10          95      1.0171
          10          96     1.01818
          10          97    0.926591
          10          98    0.777536
          10          99    0.646507
          10         100    0.556356
          10         101    0.551801
