1.88753
1.8661
1.83843
1.80732
1.77525
1.74348
1.71174
1.67933
1.64681
1.61675
1.59224
1.5749
1.56369
1.55581
1.54839
1.53935
1.52777
1.51422
1.50199
1.49709
1.50475
1.52418
1.54756
1.56469
1.56852
1.55738
1.53471
1.50763
1.48476
1.47397
1.48115
1.50843
1.55094
1.59715
1.63517
1.65813
1.6646
1.65661
1.63802
1.61348
1.5877
1.56451
1.54592
1.53185
1.52147
1.51526
1.51572
1.52509
1.54147
1.55822
1.56813
1.56806
1.56061
1.55146
1.54431
1.53874
1.53305
1.52712
1.52162
1.51604
1.50902
1.50081
1.49453
1.49404
1.50036
1.51072
1.5212
1.53033
1.53984
1.55171
1.5648
1.57534
1.58022
1.57968
1.57792
1.5801
1.58798
1.59977
1.61433
1.63279
1.6558
1.68104
1.7039
1.71954
1.72424
1.71591
1.69452
1.66254
1.62572
1.59261
1.57198
1.56887
1.58235
1.60717
1.63706
1.66656
1.69109
1.70644
1.70917
1.69774
1.67343
1.64023
1.604
1.57112
1.54717
1.53568
1.53746
1.55077
1.57211
1.59701
1.62103
1.64075
1.65436
1.66177
1.66406
1.66286
1.65969
1.65557
1.651
1.64605
1.64079
1.63517
1.62899
1.62184
1.61316
1.60254
1.59043
1.57833
1.56773
1.55889
1.55164
1.54768
1.55071
1.56343
1.58454
1.60878
1.62982
1.64308
1.64674
1.641
1.62705
1.60727
1.58691
1.57479
1.57964
1.60327
1.63818
1.67299
1.69832
1.70823
1.69924
1.66997
1.62213
1.56188
1.50022
1.45047
1.42303
1.42057
1.43796
1.46717
1.50147
1.53483
1.55997
1.5695
1.56064
1.54012
1.52192
1.51474
1.51494
1.51565
1.51514
1.516
1.52125
1.5322
1.54744
1.56303
1.57431
1.57827
1.57502
1.56756
1.56003
1.55555
1.55554
1.56028
1.56895
1.57933
1.58844
1.59349
1.59253
1.58492
1.57158
1.55473
1.53705
1.52095
1.5079
1.49835
1.49187
1.48772
1.48548
1.48551
1.48889
1.49582
1.50331
1.50594
1.49991
1.48575
1.4677
1.45139
1.44171
1.44191
1.45346
1.47519
1.50188
1.52523
1.53734
1.5338
1.51524
1.48772
1.46106
1.44449
1.44207
1.45152
1.46724
1.48431
1.50034
1.51515
1.52962
1.54465
1.56038
1.57588
1.58928
1.59816
1.60009
1.5934
1.57804
1.55613
1.53181
1.51007
1.49503
1.48839
1.48855
1.49174
1.49442
1.49508
1.49555
1.5019
1.52177
1.55648
1.59717
1.63199
1.65408
1.66253
1.66021
1.65218
1.64445
1.6417
1.64449
1.6491
1.65051
1.64553
1.63408
1.619
1.60476
1.59494
1.59032
1.58935
1.59055
1.59387
1.60002
1.60936
1.62116
1.63399
1.64613
1.65556
1.65986
1.6567
1.64457
1.62361
1.59611
1.5667
1.54173
1.52679
1.52351
1.52832
1.53523
1.54002
1.54255
1.54616
1.5552
1.57252
1.59784
1.62807
1.65863
1.68519
1.70506
1.7178
1.72488
1.72843
1.72994
1.72973
1.7274
1.72273
1.71623
1.70869
1.70011
1.69009
1.67931
1.66991
1.66383
1.66201
1.66498
1.67281
1.68407
1.69555
1.70349
1.70501
1.69876
1.68512
1.66631
1.64615
1.62917
1.61909
1.61757
1.62365
1.63437
1.64594
1.6549
1.65868
1.65594
1.64658
1.63172
1.61387
1.59652
1.58296
1.57484
1.57173
1.57199
1.5738
1.57557
1.57647
1.5769
1.57839
1.58251
1.59008
1.60084
1.61347
1.62563
1.63427
1.63656
1.63073
1.6164
1.59448
1.56738
1.53938
1.51574
1.5008
1.49667
1.50325
1.51862
1.53974
1.56348
1.5874
1.60953
1.62752
1.63814
1.63797
1.62507
1.60025
1.56762
1.53404
1.50754
1.49418
1.49498
1.50575
1.52036
1.53422
1.54533
1.55321
1.55759
1.55782
1.55294
1.54214
1.52538
1.50393
1.48079
1.46088
1.45125
1.4593
1.48745
1.52854
1.56968
1.5999
1.61362
1.60993
1.59124
1.56219
1.529
1.49836
1.47608
1.46489
1.4628
1.46441
1.46454
1.46077
1.45422
1.44883
1.44989
1.46169
1.48524
1.51709
1.55057
1.57918
1.59978
1.61343
1.62301
1.62985
1.63275
1.63011
1.62174
1.60877
1.59207
1.57126
1.54611
1.52015
1.50045
1.49076
1.48759
1.48548
1.48194
1.47727
1.4728
1.47045
1.47288
1.48312
1.50287
1.53036
1.56021
1.586
1.60321
1.61003
1.60632
1.59287
1.57182
1.54723
1.52421
1.50718
1.49939
1.50349
1.52112
1.5514
1.59083
1.63482
1.67912
1.71999
1.75415
1.77876
1.79191
1.79311
1.7835
1.7655
1.74178
1.71437
1.68475
1.65446
1.62507
1.59708
1.56957
1.54133
1.51248
1.48504
1.46184
1.445
1.43629
1.43896
1.45738
1.49277
1.53907
1.58473
1.61882
1.63547
1.63424
1.61866
1.59442
1.56779
1.54419
1.52749
1.5202
1.52371
1.53741
1.55718
1.57599
1.58729
1.58859
1.58254
1.57488
1.5708
1.57183
1.5756
1.57785
1.57485
1.56486
1.54839
1.52749
1.5048
1.48327
1.46616
1.45659
1.45609
1.46353
1.47562
1.4889
1.50147
1.51303
1.52405
1.53509
1.54615
1.55611
1.56286
1.56435
1.55991
1.55097
1.54128
1.53648
1.5418
1.55778
1.57813
1.59298
1.59391
1.57689
1.54356
1.50153
1.46319
1.44182
1.44553
1.4733
1.51632
1.56274
1.60251
1.6308
1.64787
1.65649
1.65939
1.65802
1.65268
1.64327
1.63022
1.61489
1.5996
1.58703
1.57934
1.57725
1.57957
1.58367
1.58702
1.58882
1.5906
1.59501
1.60371
1.61579
1.62787
1.63608
1.63819
1.63463
1.62789
1.62117
1.61722
1.61737
1.62069
1.62396
1.62258
1.61235
1.59164
1.56285
1.53186
1.50527
1.48818
1.48361
1.49247
1.51273
1.53943
1.56728
1.59354
1.61821
1.6421
1.66501
1.68492
1.6985
1.70281
1.69753
1.68668
1.67776
1.67761
1.68755
1.70226
1.71394
1.71707
1.71017
1.69503
1.67505
1.6536
1.63299
1.6147
1.60021
1.59127
1.58914
1.59309
1.59967
1.6038
1.60185
1.59406
1.5845
1.5784
1.57868
1.58438
1.59183
1.59735
1.59943
1.59929
1.59925
1.60036
1.60186
1.60245
1.60107
1.59663
1.58818
1.57694
1.56809
1.56883
1.58262
1.60563
1.63034
1.65129
1.66704
1.67835
1.6862
1.69125
1.69415
1.69543
1.69469
1.69009
1.67887
1.65875
1.62963
1.59448
1.55909
1.53001
1.51213
1.50706
1.51298
1.5255
1.53913
1.54911
1.55271
1.54971
1.54258
1.53553
1.53123
1.52842
1.5241
1.51739
1.5108
1.50897
1.51611
1.53327
1.55682
1.57931
1.59187
1.58705
1.56277
1.52661
1.49282
1.469
1.4508
1.43342
1.41981
1.41749
1.43156
1.46079
1.49926
1.54061
1.58066
1.61728
1.64901
1.67412
1.69051
1.69654
1.69223
1.67966
1.66266
1.64557
1.63176
1.6227
1.61798
1.61631
1.61653
1.61772
1.61845
1.61656
1.61
1.59782
1.58052
1.56
1.53915
1.52076
1.50648
1.49687
1.4926
1.49562
1.50837
1.53202
1.56506
1.60338
1.64151
1.67426
1.6981
1.71186
1.7167
1.71552
1.71166
1.70725
1.70202
1.69367
1.67968
1.65967
1.63653
1.61543
1.60097
1.59551
1.59987
1.61393
1.63607
1.66277
1.68952
1.71215
1.72747
1.7331
1.72735
1.71005
1.68396
1.65561
1.63324
1.62184
1.6208
1.62643
1.63521
1.64424
1.65049
1.65098
1.64395
1.63072
1.61606
1.60578
1.60224
1.60318
1.60437
1.60226
1.59475
1.5818
1.56605
1.55174
1.54165
1.53541
1.5311
1.52738
1.52388
1.52054
1.51721
1.51377
1.51088
1.5104
1.51476
1.52533
1.54147
1.56107
1.58119
1.59859
1.61057
1.61593
1.61535
1.61095
1.60523
1.59976
1.59439
1.5875
1.57697
1.56136
1.54047
1.51546
1.48888
1.46488
1.44885
1.44559
1.45686
1.48068
1.51245
1.54654
1.57758
1.60197
1.61851
1.62771
1.6309
1.62985
1.62667
1.62323
1.62067
1.6191
1.61774
1.61522
1.6101
1.6013
1.58824
1.57088
1.5505
1.53016
1.51429
1.50694
1.50999
1.5224
1.54126
1.56374
1.58813
1.61301
1.636
1.6538
1.66371
1.66484
1.65805
1.64518
1.6286
1.61122
1.59683
1.59027
1.59555
1.61199
1.63254
1.6477
1.65053
1.63809
1.61054
1.57029
1.52247
1.47584
1.44158
1.42781
1.4344
1.45488
1.48191
1.51014
1.53587
1.55634
1.56991
1.57685
1.57898
1.5782
1.57531
1.57042
1.56417
1.55842
1.55562
1.55754
1.56385
1.57208
1.57968
1.58703
1.59748
1.61275
1.62939
1.6418
1.6474
1.64815
1.64879
1.65387
1.66521
1.68091
1.69622
1.70547
1.70405
1.69064
1.66938
1.64906
1.63686
1.63225
1.62995
1.62633
1.62103
1.6153
1.61061
1.60795
1.60752
1.60873
1.61083
1.61352
1.61664
1.61939
1.62009
1.61716
1.60998
1.59872
1.58347
1.56439
1.54317
1.52404
1.51262
1.51285
1.52428
1.5417
1.55757
1.56532
1.56169
1.54691
1.52363
1.49573
1.46749
1.44312
1.42605
1.41819
1.41939
1.42737
1.43842
1.44881
1.45617
1.46048
1.46411
1.47058
1.48318
1.50364
1.53168
1.5654
1.60182
1.63773
1.67035
1.69762
1.71825
1.7313
1.73596
1.73162
1.71837
1.69738
1.67109
1.64292
1.61664
1.59547
1.58125
1.57404
1.57253
1.57494
1.57975
1.58556
1.59021
1.59053
1.58339
1.56748
1.54464
1.52035
1.50251
1.49781
1.50764
1.52765
1.55082
1.57067
1.58244
1.58301
1.57053
1.54472
1.5086
1.47073
1.44525
1.44599
1.47648
1.52694
1.58207
1.62976
1.66368
1.68195
1.6854
1.67639
1.65785
1.63281
1.6045
1.57735
1.5568
1.54629
1.54374
1.54261
1.5364
1.52258
1.50397
1.48814
1.48348
1.49306
1.51171
1.52979
1.53924
1.53719
1.52703
1.51757
1.5191
1.53719
1.56897
1.60562
0.916848
1.27885
1.73076
2.1293
2.40714
2.56098
2.61703
2.60615
2.55283
2.47202
2.37423
2.2797
2.22165
2.2259
2.29283
2.40063
2.51764
2.61439
2.67626
2.7089
2.72752
2.74154
2.74973
2.74432
2.71765
2.67385
2.63812
2.64035
2.68415
2.74438
2.7919
2.81433
2.81506
2.79787
2.7674
2.72923
2.68371
2.63151
2.57786
2.53622
2.52673
2.55686
2.61066
2.66081
2.68481
2.67439
2.63939
2.60262
2.58094
2.5759
2.58546
2.60819
2.63375
2.64586
2.63956
2.62059
2.59196
2.5586
2.53081
2.51617
2.515
2.52742
2.56104
2.60913
2.63953
2.62907
2.59053
2.55949
2.55775
2.57203
2.57413
2.55543
2.53894
2.55427
2.59747
2.64134
2.67046
2.68201
2.67562
2.65247
2.61515
2.56875
2.52234
2.4872
2.4727
2.48676
2.53079
2.58708
2.62336
2.61778
2.57793
2.53651
2.52753
2.55492
2.59524
2.63033
2.65823
2.68394
2.71293
2.74781
2.78501
2.81444
2.82411
2.80753
2.76439
2.69568
2.60625
2.51272
2.44573
2.43428
2.47453
2.53135
2.57662
2.60642
2.62859
2.64561
2.65028
2.63803
2.61763
2.59919
2.58325
2.56898
2.55651
2.54921
2.56085
2.60308
2.66562
2.72775
2.78717
2.85637
2.9242
2.95891
2.9536
2.93062
2.90713
2.88023
2.8424
2.7908
2.72359
2.64032
2.55325
2.49127
2.47744
2.51439
2.58495
2.66479
2.74213
2.80866
2.84457
2.83049
2.76758
2.6823
2.61347
2.59027
2.61569
2.66907
2.72342
2.75121
2.7252
2.63344
2.49423
2.35431
2.26955
2.27132
2.34576
2.45228
2.55196
2.6191
2.64154
2.62122
2.57422
2.52415
2.48991
2.47557
2.47514
2.48927
2.52751
2.58655
2.6454
2.69081
2.73277
2.79005
2.86065
2.92333
2.96332
2.97465
2.95036
2.88522
2.7856
2.67049
2.56198
2.47345
2.40751
2.36482
2.35063
2.36928
2.4133
2.46659
2.52005
2.57638
2.63606
2.687
2.71273
2.70356
2.66019
2.59372
2.52292
2.46522
2.42813
2.41344
2.42525
2.46491
2.52135
2.57751
2.62333
2.66253
2.70175
2.73329
2.7475
2.74372
2.72121
2.67786
2.62558
2.59446
2.59189
2.59141
2.57611
2.55539
2.54747
2.56303
2.6081
2.6861
2.78079
2.85349
2.86725
2.8107
2.70928
2.60797
2.5346
2.49324
2.48156
2.49156
2.51406
2.54568
2.5815
2.61109
2.62724
2.63298
2.63812
2.6503
2.66564
2.67259
2.66745
2.65714
2.65037
2.65274
2.66275
2.67116
2.67316
2.67415
2.67228
2.65282
2.61055
2.56021
2.51849
2.48684
2.46232
2.45549
2.47651
2.51289
2.54513
2.57032
2.59925
2.63809
2.6788
2.70574
2.70775
2.68944
2.67594
2.68607
2.69914
2.68872
2.66369
2.64819
2.64736
2.65172
2.65733
2.66938
2.69223
2.72403
2.75925
2.79027
2.80929
2.81276
2.80107
2.77362
2.7292
2.67008
2.60235
2.53549
2.48881
2.48626
2.52786
2.58615
2.63511
2.66908
2.69701
2.72519
2.75155
2.76973
2.76971
2.74159
2.68699
2.62818
2.59833
2.60892
2.63712
2.65823
2.6694
2.67674
2.6803
2.67664
2.66656
2.65523
2.65075
2.66291
2.69235
2.72298
2.74032
2.75028
2.76442
2.7783
2.78073
2.7689
2.74794
2.72453
2.70017
2.66602
2.61133
2.53921
2.46937
2.42753
2.42877
2.46428
2.50281
2.51308
2.49282
2.46695
2.45217
2.44967
2.46841
2.51803
2.59136
2.67071
2.73758
2.7773
2.78545
2.77005
2.74612
2.72922
2.73423
2.76452
2.79318
2.7883
2.74913
2.69662
2.64991
2.62134
2.62005
2.6515
2.7111
2.77632
2.80968
2.77819
2.68131
2.5627
2.48023
2.45974
2.49078
2.54474
2.59392
2.62852
2.6581
2.6954
2.73935
2.77537
2.79104
2.78787
2.77892
2.77694
2.7865
2.79906
2.79973
2.78782
2.7743
2.75566
2.71238
2.63778
2.55496
2.49584
2.47404
2.48817
2.52817
2.57435
2.60954
2.63016
2.63918
2.63964
2.63928
2.65052
2.6813
2.72921
2.78094
2.81613
2.81379
2.76128
2.66814
2.56845
2.50012
2.47837
2.49006
2.51295
2.53962
2.57499
2.60971
2.6282
2.6324
2.6379
2.65951
2.70094
2.75228
2.79576
2.81485
2.80259
2.76404
2.71655
2.68297
2.66844
2.65633
2.63248
2.59651
2.55738
2.52459
2.50155
2.49009
2.50096
2.54547
2.61663
2.69011
2.73895
2.75654
2.75137
2.72678
2.68772
2.65107
2.62892
2.61937
2.61608
2.61237
2.60725
2.61004
2.62899
2.66021
2.69622
2.73604
2.77605
2.80034
2.79318
2.76477
2.75065
2.76765
2.79235
2.80315
2.796
2.7632
2.71045
2.67464
2.67808
2.69233
2.68264
2.64304
2.58607
2.52946
2.4937
2.49811
2.54939
2.63392
2.72084
2.77653
2.78273
2.74632
2.70077
2.69507
2.75102
2.83833
2.90888
2.93001
2.89861
2.84176
2.79598
2.78158
2.79658
2.82646
2.85348
2.86368
2.8498
2.80764
2.73945
2.66289
2.60731
2.59387
2.62317
2.68539
2.76979
2.85509
2.90806
2.90565
2.84992
2.76116
2.66418
2.58302
2.54409
2.5656
2.63618
2.71684
2.76727
2.76542
2.71528
2.64883
2.60709
2.60243
2.61036
2.60432
2.58893
2.58334
2.5924
2.61686
2.65621
2.70315
2.74505
2.76617
2.75299
2.70421
2.63558
2.56587
2.49751
2.43125
2.40233
2.45715
2.58112
2.7107
2.79628
2.81631
2.76685
2.65729
2.51558
2.38913
2.32629
2.35109
2.44753
2.5709
2.68322
2.77391
2.84854
2.90814
2.939
2.92072
2.84836
2.74836
2.66465
2.62407
2.62229
2.64081
2.66372
2.67985
2.68577
2.69857
2.74722
2.81986
2.86521
2.86028
2.83465
2.81698
2.78728
2.7347
2.68065
2.63999
2.61393
2.59895
2.58959
2.58963
2.61722
2.67923
2.74486
2.7723
2.73943
2.64315
2.50878
2.38971
2.34658
2.40197
2.5296
2.68621
2.82879
2.929
2.98149
2.99754
2.98989
2.96021
2.90668
2.83586
2.75611
2.67199
2.59186
2.53023
2.50465
2.53177
2.58736
2.63579
2.67757
2.70287
2.68581
2.6273
2.56249
2.52479
2.51423
2.50866
2.49454
2.47617
2.46507
2.46789
2.48018
2.49094
2.48919
2.46614
2.42036
2.36718
2.34623
2.39735
2.51068
2.63564
2.73356
2.79893
2.84358
2.87112
2.87471
2.84816
2.7941
2.72888
2.6762
2.65015
2.64481
2.6417
2.62522
2.59298
2.56109
2.56144
2.61258
2.69475
2.77846
2.84606
2.8788
2.86045
2.79962
2.7317
2.69074
2.6836
2.69399
2.70094
2.69466
2.68392
2.6876
2.71558
2.75795
2.78895
2.78674
2.75274
2.71188
2.68805
2.67795
2.65759
2.61851
2.57864
2.55881
2.56076
2.57153
2.58432
2.59916
2.60757
2.59144
2.54446
2.49029
2.46572
2.47724
2.4945
2.49454
2.48997
2.51118
2.57717
2.68432
2.79287
2.8523
2.84995
2.81919
2.80478
2.80877
2.79385
2.74146
2.68352
2.66463
2.68414
2.71334
2.7305
2.73153
2.73201
2.75119
2.79042
2.83405
2.86008
2.85065
2.80609
2.75085
2.71826
2.72609
2.77079
2.83375
2.88771
2.91068
2.90077
2.87671
2.86339
2.87461
2.90356
2.9284
2.92803
2.89597
2.84143
2.77926
2.71785
2.6549
2.5858
2.51043
2.44166
2.41357
2.45769
2.57111
2.71353
2.82933
2.8808
2.87473
2.85309
2.84077
2.82075
2.77023
2.69055
2.60015
2.51713
2.45266
2.41144
2.39439
2.40433
2.44197
2.49519
2.54343
2.57396
2.58761
2.59061
2.58716
2.58015
2.5718
2.56367
2.56477
2.59669
2.67311
2.77854
2.88068
2.9472
2.95173
2.88651
2.77857
2.67178
2.58578
2.52775
2.51393
2.54249
2.5825
2.59735
2.57071
2.51711
2.46647
2.44319
2.4627
2.52315
2.60095
2.66918
2.71656
2.74667
2.76676
2.78206
2.79874
2.81976
2.83463
2.82851
2.80116
2.76936
2.74711
2.7337
2.72752
2.72889
2.73119
2.7208
2.68463
2.62095
2.54888
2.50301
2.50586
2.54977
2.61478
2.68505
2.74213
2.76543
2.75244
2.72718
2.71693
2.7303
2.75638
2.77289
2.75549
2.68988
2.5862
2.48274
2.42759
2.44272
2.50662
2.57423
2.60843
2.60084
2.56961
2.53614
2.50678
2.47668
2.4428
2.41003
2.39038
2.39797
2.44091
2.513
2.59379
2.65823
2.68817
2.68018
2.6489
2.62351
2.62926
2.66008
2.68483
2.68433
2.66771
2.66257
2.69346
2.76009
2.83373
2.87838
2.87614
2.83245
2.76604
2.69689
2.63598
2.58539
2.55329
2.55106
2.57503
2.61189
2.64803
2.67116
2.6852
2.71018
2.75966
2.82655
2.88984
2.92732
2.92078
2.86217
2.76754
2.67135
2.59324
2.52661
2.46441
2.4122
2.38139
2.3848
2.43137
2.5173
2.62367
2.72497
2.80492
2.86786
2.92673
2.97234
2.98204
2.95855
2.93187
2.92165
2.91122
2.87269
2.81041
2.76033
2.74596
2.76766
2.81462
2.85961
2.87123
2.83682
2.76788
2.68403
2.59739
2.51825
2.46744
2.46872
2.53087
2.64109
2.77034
2.88184
2.94501
2.95764
2.95157
2.96173
2.99547
3.03908
3.07264
3.07316
3.022
2.91986
2.79818
2.70525
2.66515
2.66379
2.67451
2.68489
2.69742
2.71093
2.71102
2.68307
2.63326
2.59129
2.57807
2.58559
2.59887
2.61128
2.62218
2.6345
2.65425
2.68826
2.74096
2.80453
2.85636
2.87766
2.87241
2.86611
2.88086
2.9088
2.91806
2.87944
2.78561
2.65513
2.52469
2.43619
2.42429
2.49684
2.61843
2.73128
2.79484
2.80329
2.77842
2.75199
2.74673
2.76716
2.80512
2.84773
2.88125
2.89637
2.8937
2.88239
2.87149
2.8597
2.83356
2.78301
2.7219
2.68676
2.69807
2.73081
2.74057
2.70002
2.61263
2.51161
2.44
2.42221
2.45518
2.51148
2.55389
1.09383
1.08841
1.08497
1.08397
1.0852
1.08763
1.08964
1.08963
1.08673
1.08122
1.07443
1.06798
1.06302
1.0597
1.05724
1.05448
1.05031
1.04384
1.03449
1.02248
1.00934
0.997843
0.991025
0.990386
0.994754
1.00073
1.0045
1.00367
0.998228
0.990355
0.983359
0.980178
0.982343
0.989979
1.00253
1.01914
1.03823
1.05722
1.07335
1.08473
1.09103
1.09314
1.09255
1.09078
1.08887
1.08718
1.0853
1.08232
1.07715
1.06908
1.05849
1.0473
1.03865
1.03558
1.03916
1.04775
1.05782
1.06573
1.06923
1.06808
1.06371
1.05804
1.05246
1.04752
1.04333
1.0399
1.03737
1.03603
1.03622
1.03835
1.04276
1.05
1.06094
1.07645
1.09662
1.12009
1.14422
1.16613
1.18374
1.19593
1.20217
1.20218
1.1958
1.18325
1.16535
1.14368
1.1204
1.09778
1.07746
1.06021
1.04621
1.03563
1.02853
1.02455
1.0229
1.02298
1.02472
1.02829
1.03364
1.04012
1.0465
1.05131
1.05353
1.0532
1.05152
1.05039
1.05152
1.05537
1.06103
1.0671
1.07289
1.07877
1.08549
1.09314
1.10068
1.10634
1.10801
1.10384
1.09282
1.07556
1.0547
1.03453
1.01947
1.0122
1.01271
1.01931
1.0299
1.04287
1.05707
1.07169
1.08595
1.0991
1.11034
1.11885
1.12385
1.12455
1.12029
1.11121
1.09927
1.08856
1.08348
1.08548
1.09195
1.09846
1.10162
1.10013
1.09466
1.08691
1.07885
1.07202
1.06732
1.0648
1.0638
1.06321
1.0618
1.05866
1.05352
1.04701
1.04053
1.03592
1.03471
1.03742
1.04323
1.0502
1.05597
1.05839
1.05612
1.04885
1.03712
1.02218
1.00578
0.989992
0.976959
0.968605
0.966214
0.970171
0.979785
0.99343
1.00897
1.02431
1.03787
1.04863
1.05606
1.05997
1.06046
1.05784
1.0526
1.04525
1.03629
1.0265
1.01718
1.01021
1.00736
1.00923
1.01455
1.02077
1.02535
1.02696
1.02564
1.02238
1.01847
1.01505
1.01272
1.01152
1.01118
1.01145
1.01245
1.01477
1.01909
1.02585
1.0349
1.04543
1.05602
1.0651
1.07152
1.07525
1.07754
1.08019
1.08428
1.08961
1.09526
1.10036
1.10455
1.10782
1.11028
1.11204
1.11322
1.1139
1.11408
1.1135
1.11153
1.10737
1.10066
1.09182
1.08235
1.07415
1.06881
1.06704
1.06839
1.0715
1.07453
1.07573
1.07351
1.06655
1.054
1.03619
1.01494
0.993572
0.976045
0.965656
0.963778
0.9695
0.980284
0.993186
1.00588
1.01717
1.02686
1.03548
1.0438
1.05231
1.06102
1.06965
1.07797
1.08592
1.0936
1.10116
1.10879
1.11666
1.12463
1.13218
1.13853
1.14301
1.14542
1.14604
1.14547
1.14437
1.14307
1.14137
1.13857
1.13379
1.12646
1.11663
1.10477
1.09133
1.07642
1.06027
1.04391
1.02949
1.01963
1.01623
1.01962
1.02859
1.04093
1.05404
1.0657
1.07451
1.08009
1.08302
1.08458
1.08635
1.08961
1.09473
1.1009
1.1064
1.10936
1.1085
1.10376
1.09635
1.08844
1.08219
1.07868
1.07728
1.07622
1.0738
1.06932
1.06339
1.05765
1.05405
1.05392
1.05715
1.06197
1.06573
1.06602
1.06158
1.05256
1.04028
1.02666
1.01328
1.00081
0.989216
0.978584
0.969667
0.963862
0.962663
0.967131
0.977626
0.993856
1.01497
1.03951
1.06522
1.08925
1.10848
1.12004
1.12192
1.11416
1.10042
1.0879
1.08293
1.08562
1.09097
1.09444
1.09489
1.09343
1.09153
1.09003
1.08911
1.08861
1.08842
1.08854
1.08912
1.09028
1.0922
1.09504
1.09875
1.10287
1.1064
1.10791
1.10606
1.10011
1.09022
1.07751
1.06378
1.05124
1.04197
1.03746
1.0381
1.04316
1.05124
1.06081
1.07058
1.07933
1.08586
1.08911
1.08858
1.08471
1.07887
1.07296
1.06878
1.06733
1.06847
1.07102
1.07323
1.07333
1.06995
1.06246
1.051
1.03643
1.02008
1.00365
0.98923
0.979302
0.976226
0.98126
0.99364
1.01073
1.02918
1.04613
1.05972
1.06888
1.0729
1.0713
1.06398
1.05159
1.03585
1.01954
1.00588
0.997618
0.996203
1.00152
1.01215
1.02581
1.03996
1.05234
1.06128
1.0658
1.06552
1.06078
1.0529
1.04448
1.0391
1.03993
1.0482
1.06257
1.0801
1.09767
1.11279
1.12394
1.13043
1.13215
1.12929
1.12198
1.11012
1.09352
1.07214
1.04646
1.01791
0.988942
0.962921
0.943399
0.933009
0.932535
0.940757
0.955082
0.972398
0.989748
1.00468
1.01552
1.02168
1.02365
1.02295
1.02165
1.0219
1.02533
1.03252
1.0428
1.05443
1.06518
1.07297
1.07631
1.0747
1.06884
1.06057
1.05222
1.04586
1.04282
1.04366
1.04822
1.05574
1.06491
1.07412
1.08201
1.08784
1.09164
1.09391
1.09509
1.09519
1.0937
1.08993
1.08362
1.07528
1.06605
1.05732
1.05026
1.0458
1.04455
1.0468
1.05221
1.05961
1.06712
1.07273
1.07477
1.07231
1.06522
1.05413
1.04014
1.02455
1.00851
0.992831
0.978277
0.965895
0.957305
0.954445
0.958922
0.970927
0.988258
1.00683
1.02285
1.03436
1.04114
1.044
1.04435
1.04382
1.04396
1.04596
1.05046
1.05747
1.06644
1.07632
1.0857
1.09298
1.09665
1.09566
1.08975
1.07952
1.06617
1.05136
1.03717
1.02626
1.02124
1.02326
1.03103
1.04149
1.05138
1.05838
1.0613
1.0597
1.05375
1.04416
1.03231
1.0202
1.01008
1.00388
1.0027
1.00665
1.01505
1.02691
1.0412
1.05679
1.07222
1.08573
1.0957
1.1011
1.10173
1.09826
1.09219
1.08571
1.08122
1.0807
1.08487
1.09292
1.10287
1.11243
1.1196
1.12287
1.1212
1.11409
1.10188
1.08609
1.06942
1.05506
1.0453
1.04044
1.03882
1.03813
1.03692
1.03527
1.03457
1.03669
1.04308
1.05413
1.06918
1.08672
1.10494
1.12204
1.13637
1.14654
1.15149
1.15069
1.14442
1.13398
1.12163
1.11001
1.10132
1.09671
1.09626
1.09931
1.10511
1.11302
1.12219
1.13124
1.13807
1.14053
1.13706
1.12705
1.11089
1.08962
1.0648
1.03845
1.01337
0.993454
0.982881
0.983461
0.993134
1.00765
1.02321
1.03742
1.04898
1.05718
1.06168
1.06237
1.05938
1.05303
1.04405
1.03368
1.0237
1.01615
1.01281
1.01481
1.02235
1.03478
1.05099
1.0696
1.08912
1.10796
1.12472
1.13837
1.14829
1.15417
1.15589
1.15373
1.14854
1.14164
1.13442
1.12778
1.12193
1.11637
1.11033
1.10331
1.09544
1.08754
1.0806
1.07543
1.07228
1.07109
1.07176
1.07434
1.07865
1.08365
1.08743
1.08784
1.08343
1.07414
1.06136
1.04757
1.03539
1.02643
1.02088
1.01795
1.01687
1.01737
1.01945
1.02271
1.02603
1.02783
1.02667
1.0217
1.01291
1.0011
0.987967
0.975942
0.967662
0.965211
0.969638
0.980865
0.998022
1.01979
1.04464
1.07098
1.09714
1.12135
1.14196
1.15755
1.16709
1.17013
1.1669
1.15831
1.14577
1.13086
1.1148
1.09823
1.08153
1.06536
1.05111
1.04055
1.03503
1.03468
1.03841
1.04451
1.05131
1.05759
1.06258
1.06597
1.06808
1.06994
1.07278
1.07712
1.08205
1.0855
1.08547
1.08131
1.07407
1.06571
1.05755
1.04975
1.04213
1.03518
1.0301
1.02794
1.02885
1.03194
1.03584
1.03919
1.04106
1.04114
1.03962
1.03692
1.03338
1.02894
1.02311
1.01513
1.00467
0.992669
0.981597
0.973982
0.970167
0.968138
0.965879
0.963514
0.963287
0.967994
0.97921
0.996376
1.01713
1.0384
1.05736
1.07195
1.08099
1.08424
1.08232
1.07664
1.06917
1.06204
1.05706
1.05538
1.05739
1.06273
1.07035
1.07852
1.0852
1.08854
1.08751
1.08231
1.07445
1.06649
1.06127
1.0606
1.0644
1.07085
1.07741
1.08194
1.08302
1.07992
1.07254
1.06142
1.04793
1.03412
1.0222
1.01354
1.00815
1.00501
1.00315
1.00261
1.00435
1.00919
1.01683
1.0255
1.03275
1.03671
1.03675
1.03349
1.02837
1.02295
1.01831
1.01486
1.01229
1.01
1.00759
1.00545
1.0051
1.00875
1.01784
1.03152
1.04646
1.05831
1.06355
1.06074
1.05106
1.03804
1.0263
1.0197
1.01966
1.02475
1.03193
1.03835
1.04211
1.04223
1.03842
1.0313
1.02285
1.01653
1.01631
1.0248
1.04162
1.06345
1.08577
1.10492
1.11936
1.12947
1.13623
1.13988
1.13996
1.1363
1.12979
1.12208
1.11479
1.10897
1.10499
1.10272
1.10159
1.10067
1.09875
1.09454
1.08699
1.07557
1.06047
1.04269
1.02392
1.0063
0.99218
0.983996
0.983814
0.992183
1.00721
1.02518
1.0423
1.0561
1.06556
1.07063
1.07154
1.0684
1.06108
1.04941
1.03373
1.01559
0.998256
0.986185
0.983152
0.989945
1.00361
1.01919
1.03223
1.04007
1.0418
1.0378
1.02934
1.01818
1.00615
0.994768
0.984992
0.977148
0.971039
0.966243
0.962641
0.960686
0.961289
0.965375
0.973356
0.984847
0.998821
1.01406
1.02963
1.04496
1.0597
1.07344
1.08586
1.09691
1.10691
1.11617
1.12465
1.13197
1.1377
1.14149
1.1431
1.14226
1.13861
1.13189
1.1221
1.10969
1.09562
1.08123
1.06785
1.05657
1.04806
1.0426
1.04012
1.04018
1.04214
1.04537
1.04946
1.05427
1.05981
1.066
1.07257
1.07906
1.08496
1.08983
1.09344
1.09573
1.09687
1.09719
1.09715
1.09723
1.09786
1.09939
1.10196
1.10532
1.10869
1.11096
1.11098
1.10802
1.10198
1.09353
1.08397
1.07496
1.06814
1.06489
1.06597
1.07135
1.08021
1.09111
1.10247
1.11295
1.12159
1.12775
1.13108
1.13155
1.12962
1.12628
1.12279
1.12026
1.11928
1.1196
1.12022
1.11971
1.11668
1.11022
1.10032
1.08794
1.07501
1.06394
1.05709
1.05598
1.06082
1.07046
1.08282
1.09551
1.10654
1.11454
1.1188
1.11918
1.2
1.20001
1.20003
1.20005
1.20007
1.20011
1.20014
1.20019
1.20024
1.20029
1.20035
1.20042
1.2005
1.20058
1.20066
1.20075
1.20085
1.20096
1.20107
1.20119
1.20131
1.20145
1.20159
1.20173
1.20189
1.20205
1.20222
1.2024
1.20258
1.20278
1.20298
1.20319
1.20341
1.20364
1.20388
1.20413
1.20439
1.20466
1.20494
1.20523
1.20553
1.20585
1.20618
1.20651
1.20687
1.20723
1.20761
1.20801
1.20841
1.20884
1.20928
1.20973
1.21021
1.2107
1.21121
1.21174
1.21229
1.21285
1.21345
1.21406
1.21469
1.21535
1.21604
1.21675
1.21749
1.21826
1.21905
1.21988
1.22074
1.22163
1.22255
1.22351
1.22451
1.22555
1.22663
1.22775
1.22891
1.23012
1.23137
1.23267
1.23402
1.23541
1.23685
1.23833
1.23985
1.24141
1.243
1.2446
1.2462
1.24778
1.24931
1.25075
1.25204
1.25314
1.25397
1.25443
1.25447
1.25402
1.25307
1.25173
1.2502
1.24885
1.24811
1.24838
1.24992
1.2527
1.25646
1.2608
1.26532
1.26971
1.27375
1.27731
1.28032
1.28269
1.28434
1.2852
1.28521
1.28435
1.28272
1.28054
1.27819
1.27615
1.27495
1.275
1.27645
1.27913
1.28265
1.28654
1.29034
1.29375
1.29662
1.29888
1.30055
1.30162
1.30205
1.30176
1.30069
1.29877
1.29604
1.29266
1.2889
1.28517
1.28197
1.27975
1.27888
1.27953
1.28167
1.28512
1.28954
1.2946
1.29997
1.30539
1.31065
1.31562
1.32025
1.32448
1.32832
1.3318
1.33493
1.33776
1.34031
1.34262
1.34471
1.34659
1.34825
1.34967
1.35081
1.35157
1.35182
1.35138
1.35003
1.34751
1.34363
1.33844
1.3324
1.32658
1.32245
1.32135
1.32367
1.32865
1.33483
1.34082
1.34575
1.34929
1.35141
1.35227
1.35203
1.35084
1.34877
1.34582
1.34197
1.33716
1.33149
1.32538
1.31967
1.31561
1.31447
1.31692
1.32267
1.33051
1.33887
1.34635
1.35204
1.35553
1.35678
1.35607
1.35384
1.35067
1.3472
1.34407
1.3418
1.34076
1.34104
1.34254
1.34496
1.34794
1.35114
1.3543
1.3572
1.35974
1.36186
1.36358
1.36492
1.36597
1.36683
1.36761
1.3684
1.36926
1.3702
1.3712
1.37216
1.37302
1.3737
1.37414
1.3743
1.37416
1.37371
1.37291
1.37168
1.36992
1.36745
1.36406
1.35953
1.35373
1.34675
1.33908
1.33171
1.32591
1.32273
1.32243
1.32442
1.32764
1.33118
1.33455
1.33769
1.34073
1.34384
1.34707
1.35041
1.35372
1.35688
1.35976
1.36227
1.36437
1.36602
1.36724
1.36802
1.36836
1.36827
1.36773
1.36672
1.36524
1.36328
1.36089
1.35818
1.35533
1.35261
1.35032
1.34875
1.34807
1.3483
1.3493
1.35083
1.35263
1.35449
1.35626
1.35787
1.3593
1.36054
1.36158
1.36241
1.36302
1.36339
1.36355
1.36356
1.36349
1.36349
1.3637
1.36423
1.36515
1.36643
1.36796
1.36955
1.37102
1.37218
1.37287
1.37302
1.37263
1.37178
1.37061
1.3693
1.36804
1.36699
1.36627
1.36591
1.36586
1.36603
1.36636
1.36678
1.36731
1.36803
1.36904
1.37045
1.37227
1.37444
1.37683
1.37926
1.38151
1.38343
1.38486
1.38571
1.38595
1.38559
1.38471
1.3835
1.38216
1.381
1.38027
1.38018
1.38079
1.38203
1.38365
1.38533
1.38671
1.38748
1.3874
1.38631
1.38419
1.38109
1.37715
1.37257
1.36769
1.36295
1.35898
1.35652
1.35617
1.35813
1.36198
1.36682
1.3715
1.37502
1.37671
1.37633
1.37399
1.37024
1.36588
1.36197
1.35949
1.35916
1.36115
1.36508
1.37014
1.37549
1.38046
1.38466
1.388
1.39055
1.39245
1.39381
1.39468
1.39506
1.39488
1.39406
1.39252
1.39019
1.38712
1.38343
1.37942
1.37554
1.37227
1.37005
1.36906
1.36922
1.37018
1.3715
1.3728
1.37385
1.37461
1.37518
1.37574
1.37646
1.37744
1.37869
1.38014
1.38172
1.38335
1.38501
1.38674
1.38858
1.39058
1.39276
1.39507
1.39741
1.39966
1.40168
1.40336
1.40461
1.40536
1.40559
1.40527
1.40444
1.40311
1.40138
1.39935
1.39715
1.39493
1.39286
1.39105
1.38957
1.38844
1.38763
1.38711
1.38684
1.38681
1.38698
1.38734
1.38784
1.3884
1.3889
1.3892
1.38918
1.38874
1.38786
1.3866
1.38515
1.38377
1.38271
1.38214
1.38203
1.38223
1.38243
1.38236
1.38183
1.3808
1.37935
1.37764
1.37587
1.37417
1.37263
1.37127
1.37006
1.36902
1.36817
1.36759
1.36737
1.36757
1.36819
1.36918
1.37037
1.37158
1.37262
1.37332
1.37358
1.37341
1.3729
1.37223
1.37163
1.37129
1.37135
1.3718
1.37251
1.37329
1.37388
1.3741
1.37379
1.3729
1.37144
1.36949
1.36719
1.36472
1.36225
1.35998
1.35801
1.35638
1.35505
1.35388
1.3527
1.35134
1.34963
1.34754
1.34512
1.34259
1.34028
1.3386
1.33787
1.33827
1.33971
1.34182
1.34406
1.34581
1.34644
1.34545
1.34256
1.33795
1.3325
1.32779
1.32561
1.32701
1.33159
1.33786
1.34414
1.34931
1.35301
1.3554
1.35691
1.35801
1.35912
1.36051
1.36228
1.36438
1.36667
1.36894
1.37098
1.37262
1.37371
1.37415
1.37387
1.37285
1.37111
1.36873
1.36583
1.36261
1.35926
1.35599
1.35298
1.35034
1.34814
1.3464
1.34515
1.34434
1.34397
1.34406
1.34469
1.346
1.34813
1.35111
1.35485
1.35909
1.3635
1.36773
1.37151
1.37467
1.37713
1.37888
1.37995
1.38042
1.38035
1.37982
1.37893
1.37778
1.37649
1.37523
1.37416
1.37346
1.37328
1.37367
1.37461
1.37597
1.37758
1.37925
1.38089
1.38245
1.38398
1.38548
1.38695
1.38827
1.38925
1.38968
1.38938
1.38837
1.38687
1.38533
1.38427
1.38408
1.38483
1.38617
1.3875
1.38825
1.38803
1.38672
1.38451
1.38178
1.37904
1.37683
1.37562
1.37575
1.37735
1.38025
1.38403
1.38804
1.39159
1.39405
1.39506
1.39457
1.39295
1.39095
1.38948
1.38931
1.39071
1.39334
1.3965
1.39946
1.40167
1.40291
1.40315
1.40249
1.40106
1.39896
1.39622
1.39289
1.3891
1.38523
1.38195
1.38013
1.38055
1.38343
1.38832
1.39425
1.40017
1.40527
1.40909
1.41149
1.41252
1.41236
1.41126
1.40946
1.4072
1.40466
1.40203
1.39948
1.39722
1.39554
1.39474
1.39507
1.39656
1.39903
1.40204
1.4051
1.40779
1.40984
1.41117
1.41182
1.41194
1.41171
1.41126
1.41072
1.41012
1.40944
1.40863
1.40767
1.40652
1.40522
1.4038
1.40228
1.40066
1.39892
1.39699
1.39488
1.39265
1.3905
1.38872
1.38771
1.38782
1.38923
1.39187
1.39536
1.39906
1.40219
1.40401
1.40394
1.40181
1.39805
1.39383
1.39083
1.39052
1.3933
1.39832
1.40409
1.40935
1.41349
1.41647
1.41851
1.4199
1.42073
1.42092
1.42022
1.41827
1.41473
1.4094
1.40238
1.39431
1.38644
1.38038
1.37736
1.37751
1.37978
1.38269
1.38512
1.38671
1.38781
1.38902
1.39094
1.39381
1.39749
1.4016
1.40564
1.40923
1.41212
1.41424
1.41557
1.4162
1.41618
1.4156
1.41452
1.41299
1.41106
1.40883
1.40641
1.40398
1.40175
1.39993
1.39866
1.39794
1.39761
1.39738
1.3969
1.39581
1.39383
1.39081
1.38674
1.38177
1.37617
1.3703
1.36461
1.35956
1.3556
1.35306
1.35201
1.35222
1.35334
1.35516
1.35777
1.36139
1.3661
1.37161
1.37738
1.38282
1.38748
1.39112
1.39373
1.39538
1.39622
1.39642
1.39613
1.39548
1.39457
1.39351
1.39236
1.39117
1.38997
1.38876
1.38755
1.38631
1.385
1.38358
1.38201
1.38025
1.37832
1.37625
1.37416
1.3722
1.37055
1.36937
1.36871
1.36849
1.36852
1.36848
1.36803
1.36691
1.3649
1.36198
1.35826
1.35405
1.34984
1.34625
1.34388
1.34322
1.34444
1.34735
1.35146
1.35614
1.36077
1.36487
1.36812
1.37032
1.37141
1.37136
1.37022
1.3681
1.36525
1.36201
1.35885
1.35629
1.35469
1.3542
1.35474
1.35601
1.35772
1.3596
1.3615
1.36331
1.36496
1.36638
1.36749
1.3682
1.36843
1.36807
1.36705
1.36529
1.36277
1.35954
1.35581
1.35199
1.34865
1.34643
1.3458
1.34685
1.34926
1.35243
1.35572
1.35864
1.36092
1.36246
1.36329
1.36351
1.36325
1.36266
1.36187
1.36103
1.36027
1.35973
1.35949
1.35964
1.36022
1.36123
1.36263
1.36437
1.36635
1.36851
1.37074
1.373
1.3752
1.37732
1.37932
1.38118
1.38288
1.3844
1.38574
1.38689
1.38784
1.38857
1.3891
1.38942
1.38955
1.38951
1.38935
1.38912
1.3889
1.38877
1.38881
1.38911
1.38974
1.39075
1.39213
1.39386
1.39585
1.39794
1.39998
1.4018
1.40321
1.4041
1.40436
1.404
1.40308
1.40181
1.40046
1.39941
1.39904
1.39966
1.40145
1.40445
1.4085
1.41337
1.41876
1.42436
1.42984
1.43491
1.4393
1.44275
1.44503
1.44597
1.44541
1.44328
1.43961
1.43461
1.42864
1.4223
1.41626
1.41124
1.40781
1.40631
1.40682
1.40915
1.41293
1.41759
1.42249
1.42701
1.43067
1.43315
1.43436
1.43434
1.43329
1.43154
1.42949
1.42755
1.42601
1.42491
1.42405
1.42309
1.42183
1.42033
1.41891
1.41804
1.41807
1.41907
1.42067
1.42217
1.42266
1.42124
1.41742
1.41163
1.40582
1.40302
1.40562
1.41343
1.4238
1.43365
1.44103
1.44537
1.44692
1.44622
1.44379
1.4401
1.43548
1.43022
1.42457
1.41876
1.41309
1.40791
1.40361
1.40058
1.39911
1.39927
1.40095
1.40381
1.40743
1.41142
1.41544
1.41929
1.42288
1.42616
1.42915
1.43186
1.43427
1.43636
1.43807
1.4393
1.43993
1.4398
1.4387
