2.8313
2.79916
2.75765
2.71098
2.66287
2.61523
2.56762
2.51899
2.47022
2.42512
2.38836
2.36235
2.34553
2.33372
2.32258
2.30903
2.29166
2.27133
2.25299
2.24564
2.25712
2.28628
2.32134
2.34704
2.35277
2.33607
2.30206
2.26145
2.22714
2.21095
2.22172
2.26265
2.32642
2.39572
2.45275
2.4872
2.4969
2.48492
2.45704
2.42022
2.38155
2.34677
2.31888
2.29777
2.2822
2.27289
2.27359
2.28764
2.3122
2.33733
2.3522
2.3521
2.34092
2.3272
2.31647
2.30812
2.29957
2.29067
2.28243
2.27406
2.26352
2.25122
2.2418
2.24106
2.25054
2.26608
2.2818
2.29549
2.30976
2.32756
2.3472
2.36302
2.37032
2.36952
2.36689
2.37016
2.38197
2.39966
2.4215
2.44919
2.4837
2.52156
2.55585
2.57931
2.58635
2.57387
2.54177
2.49381
2.43858
2.38891
2.35797
2.35331
2.37352
2.41076
2.45559
2.49984
2.53664
2.55966
2.56376
2.54662
2.51015
2.46035
2.406
2.35668
2.32076
2.30353
2.30618
2.32615
2.35817
2.39551
2.43154
2.46112
2.48154
2.49265
2.49609
2.49429
2.48953
2.48336
2.47649
2.46908
2.46119
2.45276
2.44348
2.43276
2.41974
2.40381
2.38564
2.36749
2.3516
2.33833
2.32746
2.32152
2.32606
2.34515
2.37681
2.41317
2.44473
2.46462
2.47011
2.46151
2.44057
2.41091
2.38037
2.36218
2.36946
2.4049
2.45726
2.50948
2.54748
2.56235
2.54886
2.50496
2.43319
2.34282
2.25033
2.17571
2.13455
2.13086
2.15693
2.20076
2.2522
2.30224
2.33995
2.35424
2.34096
2.31017
2.28288
2.27211
2.27241
2.27347
2.27272
2.274
2.28188
2.2983
2.32116
2.34455
2.36146
2.3674
2.36254
2.35135
2.34004
2.33333
2.33331
2.34042
2.35342
2.369
2.38267
2.39024
2.3888
2.37738
2.35738
2.3321
2.30558
2.28142
2.26185
2.24753
2.23781
2.23158
2.22822
2.22826
2.23333
2.24373
2.25496
2.25891
2.24986
2.22862
2.20155
2.17708
2.16256
2.16286
2.18019
2.21279
2.25281
2.28784
2.30601
2.3007
2.27286
2.23158
2.19158
2.16673
2.1631
2.17728
2.20086
2.22647
2.25051
2.27272
2.29443
2.31697
2.34057
2.36382
2.38393
2.39724
2.40014
2.39011
2.36705
2.33419
2.29772
2.2651
2.24254
2.23259
2.23282
2.23761
2.24163
2.24263
2.24333
2.25285
2.28265
2.33472
2.39575
2.44798
2.48112
2.4938
2.49032
2.47826
2.46668
2.46255
2.46673
2.47366
2.47577
2.4683
2.45112
2.4285
2.40714
2.39242
2.38549
2.38403
2.38583
2.3908
2.40004
2.41404
2.43174
2.45098
2.46919
2.48334
2.48979
2.48504
2.46685
2.43542
2.39416
2.35005
2.31259
2.29019
2.28527
2.29248
2.30284
2.31003
2.31383
2.31924
2.33281
2.35877
2.39677
2.44211
2.48794
2.52778
2.55759
2.57671
2.58733
2.59265
2.59491
2.5946
2.5911
2.58409
2.57434
2.56303
2.55017
2.53513
2.51897
2.50486
2.49575
2.49302
2.49747
2.50921
2.52611
2.54333
2.55524
2.55751
2.54813
2.52768
2.49946
2.46923
2.44375
2.42864
2.42636
2.43548
2.45156
2.46892
2.48235
2.48802
2.48391
2.46987
2.44758
2.42081
2.39478
2.37443
2.36226
2.3576
2.35799
2.3607
2.36336
2.3647
2.36536
2.36759
2.37377
2.38512
2.40126
2.42021
2.43844
2.4514
2.45483
2.4461
2.4246
2.39171
2.35107
2.30906
2.27361
2.25119
2.24501
2.25488
2.27793
2.30961
2.34523
2.38111
2.41429
2.44129
2.45721
2.45695
2.43761
2.40038
2.35143
2.30106
2.26131
2.24127
2.24247
2.25863
2.28054
2.30133
2.318
2.32981
2.33638
2.33673
2.32941
2.31321
2.28807
2.2559
2.22118
2.19133
2.17688
2.18896
2.23117
2.29281
2.35452
2.39985
2.42043
2.4149
2.38685
2.34329
2.2935
2.24755
2.21412
2.19734
2.19419
2.19661
2.1968
2.19116
2.18132
2.17325
2.17483
2.19254
2.22786
2.27563
2.32586
2.36878
2.39968
2.42014
2.43452
2.44477
2.44912
2.44516
2.43261
2.41315
2.38811
2.35689
2.31916
2.28022
2.25067
2.23614
2.23139
2.22822
2.22292
2.2159
2.2092
2.20567
2.20932
2.22468
2.2543
2.29554
2.34032
2.379
2.40482
2.41504
2.40948
2.3893
2.35774
2.32085
2.28631
2.26076
2.24908
2.25524
2.28168
2.32711
2.38624
2.45223
2.51868
2.57999
2.63123
2.66814
2.68786
2.68966
2.67525
2.64825
2.61267
2.57156
2.52712
2.48169
2.43761
2.39563
2.35435
2.31199
2.26871
2.22756
2.19276
2.1675
2.15444
2.15844
2.18607
2.23915
2.30861
2.37709
2.42823
2.4532
2.45136
2.42799
2.39163
2.35168
2.31628
2.29124
2.28031
2.28557
2.30612
2.33578
2.36399
2.38093
2.38289
2.37382
2.36232
2.35621
2.35774
2.3634
2.36678
2.36227
2.34729
2.32258
2.29123
2.25721
2.22491
2.19925
2.18488
2.18413
2.19529
2.21343
2.23335
2.25221
2.26954
2.28607
2.30264
2.31923
2.33417
2.34429
2.34653
2.33987
2.32646
2.31192
2.30471
2.3127
2.33667
2.36719
2.38947
2.39086
2.36533
2.31534
2.25229
2.19478
2.16273
2.16829
2.20994
2.27448
2.3441
2.40377
2.4462
2.4718
2.48473
2.48909
2.48703
2.47902
2.46491
2.44533
2.42233
2.39939
2.38055
2.36902
2.36587
2.36936
2.3755
2.38053
2.38324
2.38591
2.39251
2.40557
2.42368
2.44181
2.45412
2.45729
2.45195
2.44183
2.43175
2.42583
2.42605
2.43103
2.43594
2.43387
2.41853
2.38746
2.34428
2.29778
2.25791
2.23228
2.22542
2.23871
2.2691
2.30914
2.35092
2.39031
2.42731
2.46315
2.49751
2.52738
2.54775
2.55422
2.54629
2.53002
2.51664
2.51642
2.53132
2.55339
2.57091
2.57561
2.56525
2.54254
2.51257
2.4804
2.44948
2.42205
2.40031
2.38691
2.38371
2.38963
2.39951
2.4057
2.40277
2.3911
2.37676
2.36759
2.36801
2.37656
2.38774
2.39602
2.39914
2.39894
2.39888
2.40055
2.40279
2.40367
2.40161
2.39494
2.38226
2.36541
2.35213
2.35325
2.37393
2.40845
2.44551
2.47693
2.50055
2.51752
2.5293
2.53687
2.54122
2.54315
2.54203
2.53514
2.51831
2.48813
2.44444
2.39173
2.33863
2.29501
2.2682
2.26059
2.26947
2.28825
2.3087
2.32367
2.32907
2.32457
2.31387
2.3033
2.29684
2.29263
2.28615
2.27608
2.2662
2.26346
2.27416
2.29991
2.33523
2.36896
2.38781
2.38057
2.34416
2.28992
2.23924
2.2035
2.1762
2.15014
2.12972
2.12623
2.14733
2.19119
2.24889
2.31091
2.37099
2.42592
2.47352
2.51118
2.53576
2.54481
2.53834
2.51949
2.49398
2.46835
2.44763
2.43405
2.42697
2.42446
2.4248
2.42658
2.42767
2.42484
2.415
2.39674
2.37078
2.34
2.30872
2.28113
2.25973
2.2453
2.2389
2.24343
2.26256
2.29804
2.3476
2.40508
2.46227
2.51139
2.54715
2.56779
2.57505
2.57328
2.56749
2.56088
2.55303
2.5405
2.51952
2.48951
2.4548
2.42315
2.40145
2.39326
2.39981
2.4209
2.4541
2.49415
2.53429
2.56822
2.59121
2.59965
2.59103
2.56508
2.52594
2.48342
2.44986
2.43276
2.4312
2.43965
2.45282
2.46635
2.47574
2.47647
2.46593
2.44608
2.42409
2.40866
2.40336
2.40477
2.40656
2.40339
2.39213
2.37269
2.34907
2.32762
2.31248
2.30312
2.29664
2.29106
2.28582
2.28081
2.27582
2.27066
2.26632
2.2656
2.27215
2.288
2.31221
2.3416
2.37178
2.39789
2.41586
2.42389
2.42302
2.41643
2.40785
2.39964
2.39159
2.38125
2.36546
2.34204
2.3107
2.27319
2.23332
2.19732
2.17328
2.16839
2.18529
2.22101
2.26867
2.31981
2.36637
2.40295
2.42776
2.44157
2.44635
2.44478
2.44001
2.43485
2.431
2.42865
2.42662
2.42283
2.41514
2.40195
2.38236
2.35633
2.32575
2.29524
2.27144
2.26041
2.26499
2.28361
2.31189
2.34562
2.38219
2.41951
2.454
2.4807
2.49557
2.49726
2.48708
2.46777
2.4429
2.41683
2.39524
2.38541
2.39333
2.41798
2.4488
2.47155
2.4758
2.45714
2.41581
2.35544
2.28371
2.21377
2.16238
2.14171
2.1516
2.18232
2.22286
2.26521
2.30381
2.3345
2.35487
2.36527
2.36847
2.36731
2.36297
2.35562
2.34625
2.33763
2.33344
2.33631
2.34577
2.35811
2.36952
2.38054
2.39622
2.41913
2.44409
2.4627
2.4711
2.47222
2.47319
2.48081
2.49781
2.52136
2.54433
2.55821
2.55608
2.53597
2.50407
2.47359
2.45529
2.44838
2.44493
2.43949
2.43154
2.42295
2.41591
2.41192
2.41128
2.41309
2.41624
2.42029
2.42496
2.42908
2.43014
2.42574
2.41497
2.39808
2.3752
2.34658
2.31475
2.28607
2.26893
2.26927
2.28641
2.31256
2.33636
2.34799
2.34253
2.32036
2.28545
2.24359
2.20124
2.16468
2.13908
2.12729
2.12908
2.14105
2.15764
2.17322
2.18425
2.19073
2.19616
2.20587
2.22477
2.25546
2.29753
2.3481
2.40272
2.4566
2.50552
2.54643
2.57738
2.59695
2.60394
2.59743
2.57755
2.54608
2.50664
2.46438
2.42496
2.39321
2.37187
2.36105
2.3588
2.36242
2.36963
2.37834
2.38531
2.38579
2.37509
2.35123
2.31696
2.28052
2.25376
2.24671
2.26146
2.29147
2.32624
2.356
2.37366
2.37452
2.3558
2.31708
2.26291
2.2061
2.16788
2.16899
2.21473
2.29041
2.3731
2.44464
2.49553
2.52293
2.52811
2.51459
2.48678
2.44922
2.40676
2.36602
2.3352
2.31943
2.31562
2.31391
2.3046
2.28387
2.25596
2.23221
2.22522
2.2396
2.26757
2.29468
2.30886
2.30579
2.29054
2.27635
2.27865
2.30579
2.35346
2.40843
1.37527
1.91827
2.59615
3.19396
3.61071
3.84147
3.92555
3.90923
3.82924
3.70802
3.56135
3.41956
3.33247
3.33884
3.43925
3.60095
3.77646
3.92158
4.01438
4.06335
4.09129
4.11231
4.1246
4.11648
4.07647
4.01078
3.95717
3.96053
4.02623
4.11657
4.18785
4.22149
4.22259
4.1968
4.15111
4.09385
4.02556
3.94726
3.86678
3.80433
3.79009
3.83529
3.91599
3.99122
4.02722
4.01158
3.95909
3.90393
3.87141
3.86385
3.87818
3.91229
3.95063
3.96879
3.95934
3.93089
3.88795
3.8379
3.79622
3.77425
3.7725
3.79112
3.84156
3.9137
3.9593
3.9436
3.8858
3.83923
3.83662
3.85804
3.86119
3.83315
3.80841
3.8314
3.89621
3.96201
4.00569
4.02302
4.01343
3.9787
3.92273
3.85313
3.78351
3.7308
3.70905
3.73013
3.79619
3.88062
3.93503
3.92667
3.8669
3.80476
3.7913
3.83238
3.89286
3.94549
3.98735
4.02591
4.0694
4.12172
4.17751
4.22165
4.23616
4.2113
4.14659
4.04352
3.90938
3.76907
3.6686
3.65142
3.71179
3.79702
3.86493
3.90962
3.94288
3.96841
3.97542
3.95705
3.92645
3.89879
3.87488
3.85347
3.83476
3.82381
3.84127
3.90462
3.99843
4.09163
4.18075
4.28455
4.3863
4.43837
4.43041
4.39594
4.3607
4.32034
4.2636
4.1862
4.08538
3.96048
3.82987
3.73691
3.71617
3.77159
3.87742
3.99718
4.11319
4.21298
4.26685
4.24573
4.15137
4.02346
3.9202
3.8854
3.92353
4.00361
4.08513
4.12681
4.0878
3.95015
3.74134
3.53147
3.40433
3.40698
3.51863
3.67841
3.82794
3.92865
3.96231
3.93183
3.86132
3.78623
3.73486
3.71335
3.71271
3.73391
3.79126
3.87982
3.9681
4.03622
4.09915
4.18507
4.29098
4.38499
4.44498
4.46197
4.42554
4.32784
4.17839
4.00573
3.84297
3.71017
3.61127
3.54723
3.52594
3.55392
3.61994
3.69989
3.78007
3.86457
3.95409
4.0305
4.0691
4.05534
3.99028
3.89059
3.78438
3.69784
3.6422
3.62016
3.63787
3.69737
3.78203
3.86627
3.935
3.9938
4.05262
4.09994
4.12125
4.11559
4.08181
4.01678
3.93837
3.89169
3.88784
3.88712
3.86416
3.83308
3.82121
3.84455
3.91214
4.02915
4.17119
4.28023
4.30088
4.21605
4.06392
3.91196
3.8019
3.73985
3.72234
3.73734
3.77108
3.81852
3.87225
3.91663
3.94087
3.94947
3.95718
3.97545
3.99846
4.00889
4.00117
3.98571
3.97556
3.97911
3.99412
4.00674
4.00974
4.01122
4.00842
3.97923
3.91582
3.84031
3.77774
3.73026
3.69348
3.68323
3.71476
3.76934
3.8177
3.85548
3.89888
3.95714
4.0182
4.05861
4.06163
4.03416
4.01392
4.0291
4.04871
4.03308
3.99553
3.97229
3.97104
3.97758
3.98599
4.00408
4.03834
4.08604
4.13887
4.1854
4.21393
4.21914
4.2016
4.16043
4.09381
4.00512
3.90353
3.80323
3.73322
3.72938
3.7918
3.87922
3.95266
4.00362
4.04551
4.08779
4.12732
4.1546
4.15456
4.11238
4.03049
3.94226
3.8975
3.91338
3.95567
3.98735
4.0041
4.01511
4.02046
4.01497
3.99983
3.98285
3.97612
3.99436
4.03852
4.08447
4.11048
4.12542
4.14663
4.16744
4.17109
4.15335
4.1219
4.0868
4.05025
3.99903
3.917
3.80882
3.70406
3.64129
3.64315
3.69642
3.75422
3.76962
3.73923
3.70042
3.67826
3.6745
3.70262
3.77705
3.88705
4.00606
4.10637
4.16595
4.17817
4.15507
4.11918
4.09383
4.10135
4.14678
4.18977
4.18245
4.1237
4.04492
3.97486
3.93202
3.93008
3.97725
4.06665
4.16448
4.21453
4.16728
4.02197
3.84406
3.72035
3.68961
3.73616
3.81711
3.89088
3.94277
3.98715
4.04309
4.10902
4.16306
4.18657
4.1818
4.16838
4.16541
4.17974
4.19859
4.1996
4.18173
4.16144
4.13349
4.06857
3.95667
3.83244
3.74377
3.71106
3.73225
3.79225
3.86153
3.91431
3.94524
3.95877
3.95946
3.95892
3.97578
4.02195
4.09381
4.17141
4.2242
4.22068
4.14192
4.00222
3.85268
3.75018
3.71755
3.73509
3.76942
3.80943
3.86248
3.91456
3.9423
3.94859
3.95685
3.98926
4.05141
4.12842
4.19364
4.22228
4.20389
4.14606
4.07483
4.02445
4.00266
3.9845
3.94872
3.89476
3.83607
3.78689
3.75233
3.73513
3.75144
3.81821
3.92495
4.03517
4.10843
4.13482
4.12706
4.09017
4.03157
3.9766
3.94338
3.92905
3.92412
3.91855
3.91088
3.91505
3.94349
3.99032
4.04432
4.10405
4.16408
4.20052
4.18978
4.14715
4.12597
4.15147
4.18853
4.20472
4.194
4.1448
4.06568
4.01197
4.01712
4.0385
4.02395
3.96457
3.8791
3.79419
3.74054
3.74716
3.82408
3.95088
4.08126
4.1648
4.1741
4.11948
4.05115
4.0426
4.12653
4.25749
4.36332
4.39501
4.34791
4.26264
4.19397
4.17237
4.19487
4.2397
4.28022
4.29552
4.2747
4.21145
4.10917
3.99433
3.91096
3.8908
3.93475
4.02809
4.15468
4.28264
4.36209
4.35847
4.27488
4.14175
3.99626
3.87453
3.81614
3.84841
3.95427
4.07527
4.15091
4.14812
4.07292
3.97325
3.91064
3.90365
3.91554
3.90648
3.8834
3.87501
3.8886
3.92528
3.98431
4.05472
4.11758
4.14926
4.12948
4.05632
3.95336
3.8488
3.74627
3.64688
3.6035
3.68573
3.87167
4.06604
4.19441
4.22447
4.15027
3.98593
3.77338
3.58369
3.48944
3.52664
3.6713
3.85636
4.02483
4.16086
4.2728
4.3622
4.4085
4.38107
4.27254
4.12253
3.99697
3.93611
3.93344
3.96121
3.99558
4.01978
4.02866
4.04785
4.12083
4.22978
4.29782
4.29042
4.25198
4.22547
4.18092
4.10205
4.02098
3.95998
3.92089
3.89843
3.88438
3.88444
3.92583
4.01884
4.11728
4.15846
4.10914
3.96472
3.76317
3.58457
3.51987
3.60295
3.7944
4.02932
4.24318
4.3935
4.47223
4.49631
4.48483
4.44032
4.36002
4.25378
4.13417
4.00798
3.88779
3.79535
3.75698
3.79765
3.88104
3.95369
4.01636
4.05431
4.02872
3.94095
3.84373
3.78719
3.77135
3.763
3.74181
3.71425
3.6976
3.70184
3.72026
3.73642
3.73378
3.69921
3.63054
3.55078
3.51934
3.59603
3.76602
3.95346
4.10033
4.19839
4.26537
4.30667
4.31206
4.27224
4.19115
4.09332
4.0143
3.97522
3.96722
3.96255
3.93784
3.88947
3.84163
3.84216
3.91887
4.04212
4.16769
4.26909
4.31819
4.29067
4.19943
4.09755
4.03611
4.0254
4.04099
4.05141
4.04199
4.02588
4.03141
4.07337
4.13693
4.18343
4.1801
4.12911
4.06783
4.03208
4.01693
3.98639
3.92776
3.86796
3.83822
3.84114
3.8573
3.87647
3.89874
3.91135
3.88716
3.8167
3.73543
3.69857
3.71585
3.74175
3.74181
3.73496
3.76678
3.86576
4.02647
4.1893
4.27844
4.27492
4.22879
4.20717
4.21315
4.19078
4.11219
4.02528
3.99694
4.02621
4.07001
4.09575
4.09729
4.09802
4.12678
4.18563
4.25108
4.29012
4.27597
4.20914
4.12627
4.07739
4.08914
4.15619
4.25062
4.33157
4.36603
4.35115
4.31506
4.29508
4.31191
4.35534
4.3926
4.39205
4.34395
4.26214
4.16889
4.07678
3.98236
3.8787
3.76565
3.66249
3.62035
3.68653
3.85667
4.07029
4.244
4.3212
4.31209
4.27963
4.26115
4.23113
4.15535
4.03582
3.90023
3.7757
3.67899
3.61716
3.59159
3.60649
3.66296
3.74279
3.81515
3.86094
3.88141
3.88591
3.88075
3.87023
3.8577
3.84551
3.84715
3.89504
4.00967
4.1678
4.32102
4.4208
4.4276
4.32977
4.16786
4.00767
3.87866
3.79162
3.7709
3.81373
3.87374
3.89603
3.85606
3.77567
3.6997
3.66479
3.69405
3.78473
3.90142
4.00376
4.07484
4.12
4.15015
4.17309
4.19811
4.22963
4.25194
4.24277
4.20174
4.15404
4.12067
4.10055
4.09127
4.09333
4.09679
4.0812
4.02694
3.93142
3.82333
3.75451
3.75879
3.82465
3.92217
4.02757
4.1132
4.14814
4.12867
4.09078
4.0754
4.09545
4.13457
4.15934
4.13323
4.03482
3.8793
3.72411
3.64138
3.66408
3.75993
3.86134
3.91264
3.90125
3.85442
3.80421
3.76016
3.71502
3.6642
3.61505
3.58558
3.59695
3.66136
3.76951
3.89068
3.98734
4.03225
4.02027
3.97335
3.93527
3.94388
3.99012
4.02724
4.02649
4.00157
3.99385
4.04019
4.14014
4.2506
4.31758
4.3142
4.24868
4.14906
4.04534
3.95397
3.87808
3.82993
3.8266
3.86255
3.91783
3.97205
4.00674
4.0278
4.06527
4.13948
4.23983
4.33476
4.39098
4.38117
4.29325
4.15131
4.00703
3.88985
3.78992
3.69662
3.6183
3.57209
3.5772
3.64705
3.77595
3.93551
4.08746
4.20738
4.30178
4.39009
4.45851
4.47306
4.43783
4.3978
4.38248
4.36682
4.30904
4.21561
4.1405
4.11895
4.15148
4.22193
4.28941
4.30684
4.25523
4.15183
4.02604
3.89608
3.77737
3.70117
3.70308
3.7963
3.96164
4.15552
4.32276
4.41752
4.43646
4.42736
4.44259
4.4932
4.55862
4.60896
4.60973
4.533
4.37978
4.19728
4.05787
3.99772
3.99569
4.01177
4.02733
4.04613
4.06639
4.06653
4.0246
3.94989
3.88694
3.86711
3.87839
3.89831
3.91692
3.93326
3.95175
3.98137
4.0324
4.11144
4.2068
4.28454
4.31649
4.30861
4.29917
4.32129
4.3632
4.37708
4.31917
4.17842
3.9827
3.78704
3.65428
3.63643
3.74526
3.92764
4.09691
4.19227
4.20493
4.16763
4.12799
4.1201
4.15074
4.20768
4.27159
4.32187
4.34455
4.34056
4.32359
4.30724
4.28954
4.25034
4.17452
4.08285
4.03013
4.04711
4.09621
4.11086
4.05002
3.91895
3.76741
3.66
3.63332
3.68277
3.76723
3.83084
1.64075
1.63262
1.62745
1.62595
1.6278
1.63145
1.63447
1.63445
1.63009
1.62183
1.61165
1.60197
1.59453
1.58954
1.58585
1.58171
1.57547
1.56575
1.55173
1.53372
1.51401
1.49676
1.48654
1.48558
1.49213
1.50109
1.50675
1.50551
1.49734
1.48553
1.47504
1.47027
1.47351
1.48497
1.50379
1.52871
1.55734
1.58584
1.61002
1.6271
1.63655
1.6397
1.63882
1.63617
1.63331
1.63076
1.62795
1.62348
1.61573
1.60362
1.58774
1.57095
1.55797
1.55337
1.55874
1.57162
1.58673
1.59859
1.60384
1.60212
1.59557
1.58706
1.57869
1.57129
1.565
1.55985
1.55606
1.55404
1.55433
1.55752
1.56414
1.575
1.59141
1.61468
1.64493
1.68014
1.71633
1.7492
1.77561
1.79389
1.80326
1.80327
1.7937
1.77488
1.74803
1.71552
1.68061
1.64667
1.6162
1.59031
1.56931
1.55344
1.5428
1.53682
1.53435
1.53447
1.53708
1.54244
1.55046
1.56018
1.56976
1.57696
1.58029
1.5798
1.57728
1.57559
1.57728
1.58306
1.59154
1.60065
1.60933
1.61816
1.62824
1.6397
1.65103
1.65951
1.66202
1.65576
1.63923
1.61334
1.58205
1.55179
1.52921
1.51829
1.51907
1.52896
1.54485
1.5643
1.58561
1.60753
1.62893
1.64866
1.66551
1.67828
1.68578
1.68682
1.68043
1.66681
1.6489
1.63283
1.62522
1.62822
1.63792
1.64769
1.65242
1.6502
1.64198
1.63037
1.61827
1.60804
1.60098
1.59721
1.59571
1.59481
1.5927
1.58799
1.58029
1.57051
1.56079
1.55388
1.55207
1.55612
1.56484
1.5753
1.58395
1.58758
1.58418
1.57327
1.55567
1.53327
1.50867
1.48499
1.46544
1.45291
1.44932
1.45526
1.46968
1.49015
1.51346
1.53647
1.5568
1.57294
1.58409
1.58996
1.59069
1.58676
1.57891
1.56787
1.55444
1.53975
1.52577
1.51532
1.51105
1.51385
1.52183
1.53115
1.53803
1.54044
1.53846
1.53357
1.52771
1.52258
1.51908
1.51729
1.51677
1.51717
1.51868
1.52215
1.52863
1.53878
1.55236
1.56815
1.58403
1.59765
1.60728
1.61288
1.61631
1.62028
1.62641
1.63442
1.64288
1.65054
1.65683
1.66173
1.66542
1.66806
1.66983
1.67085
1.67112
1.67025
1.66729
1.66106
1.65098
1.63773
1.62352
1.61122
1.60322
1.60056
1.60258
1.60725
1.6118
1.61359
1.61026
1.59982
1.58101
1.55428
1.52241
1.49036
1.46407
1.44848
1.44567
1.45425
1.47043
1.48978
1.50883
1.52575
1.54028
1.55322
1.56571
1.57846
1.59153
1.60448
1.61696
1.62888
1.6404
1.65174
1.66319
1.67498
1.68694
1.69827
1.7078
1.71452
1.71813
1.71906
1.71821
1.71656
1.7146
1.71206
1.70786
1.70069
1.68969
1.67494
1.65716
1.637
1.61463
1.59041
1.56587
1.54423
1.52945
1.52435
1.52943
1.54288
1.56139
1.58107
1.59855
1.61176
1.62013
1.62454
1.62688
1.62953
1.63442
1.6421
1.65135
1.6596
1.66404
1.66275
1.65564
1.64453
1.63266
1.62329
1.61801
1.61591
1.61433
1.61069
1.60397
1.59508
1.58647
1.58108
1.58089
1.58572
1.59295
1.59859
1.59903
1.59237
1.57884
1.56042
1.53999
1.51991
1.50121
1.48382
1.46788
1.4545
1.44579
1.44399
1.4507
1.46644
1.49078
1.52246
1.55926
1.59783
1.63387
1.66272
1.68006
1.68288
1.67124
1.65062
1.63184
1.62439
1.62844
1.63645
1.64166
1.64234
1.64015
1.63729
1.63504
1.63366
1.63292
1.63263
1.63281
1.63368
1.63543
1.63831
1.64255
1.64812
1.65431
1.6596
1.66187
1.65909
1.65017
1.63533
1.61626
1.59568
1.57686
1.56296
1.55619
1.55714
1.56474
1.57685
1.59122
1.60587
1.619
1.62878
1.63366
1.63287
1.62706
1.6183
1.60944
1.60317
1.60099
1.60271
1.60653
1.60985
1.60999
1.60493
1.59369
1.5765
1.55465
1.53012
1.50547
1.48385
1.46895
1.46434
1.47189
1.49046
1.5161
1.54378
1.56919
1.58958
1.60332
1.60935
1.60695
1.59596
1.57738
1.55378
1.52931
1.50881
1.49643
1.4943
1.50227
1.51822
1.53871
1.55995
1.57851
1.59192
1.59869
1.59829
1.59118
1.57935
1.56672
1.55865
1.5599
1.5723
1.59385
1.62015
1.6465
1.66919
1.68591
1.69564
1.69822
1.69393
1.68296
1.66517
1.64029
1.60821
1.56969
1.52686
1.48341
1.44438
1.4151
1.39951
1.3988
1.41114
1.43262
1.4586
1.48462
1.50702
1.52328
1.53251
1.53548
1.53442
1.53247
1.53285
1.538
1.54878
1.5642
1.58164
1.59777
1.60946
1.61447
1.61205
1.60326
1.59085
1.57832
1.56878
1.56424
1.5655
1.57233
1.58361
1.59736
1.61119
1.62302
1.63177
1.63747
1.64086
1.64263
1.64279
1.64055
1.63489
1.62542
1.61292
1.59908
1.58597
1.5754
1.56869
1.56683
1.5702
1.57832
1.58941
1.60068
1.60909
1.61216
1.60846
1.59783
1.58119
1.56021
1.53683
1.51276
1.48925
1.46742
1.44884
1.43596
1.43167
1.43838
1.45639
1.48239
1.51024
1.53428
1.55155
1.56171
1.566
1.56652
1.56572
1.56594
1.56894
1.57569
1.5862
1.59966
1.61448
1.62855
1.63946
1.64497
1.64349
1.63463
1.61928
1.59926
1.57704
1.55575
1.53939
1.53186
1.5349
1.54655
1.56223
1.57707
1.58758
1.59195
1.58955
1.58063
1.56624
1.54846
1.53029
1.51512
1.50583
1.50405
1.50997
1.52258
1.54037
1.5618
1.58519
1.60833
1.62859
1.64354
1.65165
1.6526
1.64739
1.63828
1.62856
1.62183
1.62104
1.6273
1.63938
1.6543
1.66865
1.6794
1.6843
1.6818
1.67113
1.65282
1.62913
1.60413
1.58258
1.56794
1.56066
1.55823
1.5572
1.55538
1.5529
1.55185
1.55504
1.56461
1.5812
1.60376
1.63008
1.65741
1.68305
1.70455
1.7198
1.72723
1.72603
1.71662
1.70097
1.68245
1.66501
1.65197
1.64507
1.64439
1.64896
1.65767
1.66952
1.68329
1.69685
1.7071
1.7108
1.70559
1.69058
1.66634
1.63443
1.5972
1.55768
1.52005
1.49018
1.47432
1.47519
1.4897
1.51148
1.53481
1.55613
1.57347
1.58577
1.59252
1.59356
1.58907
1.57955
1.56608
1.55052
1.53555
1.52422
1.51921
1.52222
1.53352
1.55217
1.57649
1.6044
1.63367
1.66194
1.68708
1.70755
1.72244
1.73126
1.73383
1.73059
1.72281
1.71247
1.70163
1.69168
1.6829
1.67456
1.6655
1.65496
1.64317
1.6313
1.6209
1.61314
1.60842
1.60664
1.60764
1.61151
1.61797
1.62548
1.63115
1.63176
1.62515
1.61121
1.59204
1.57136
1.55308
1.53965
1.53132
1.52693
1.5253
1.52606
1.52918
1.53407
1.53904
1.54174
1.54
1.53256
1.51936
1.50164
1.48195
1.46391
1.45149
1.44782
1.45446
1.4713
1.49703
1.52968
1.56697
1.60647
1.6457
1.68203
1.71295
1.73633
1.75063
1.75519
1.75036
1.73746
1.71866
1.69629
1.6722
1.64735
1.62229
1.59804
1.57667
1.56083
1.55254
1.55202
1.55762
1.56676
1.57696
1.58638
1.59387
1.59895
1.60213
1.60491
1.60916
1.61569
1.62308
1.62824
1.62821
1.62197
1.61111
1.59856
1.58632
1.57463
1.5632
1.55277
1.54515
1.54192
1.54327
1.54791
1.55376
1.55878
1.56159
1.56171
1.55942
1.55538
1.55006
1.54341
1.53466
1.5227
1.507
1.489
1.4724
1.46097
1.45525
1.45221
1.44882
1.44527
1.44493
1.45199
1.46881
1.49456
1.5257
1.5576
1.58605
1.60792
1.62149
1.62636
1.62348
1.61496
1.60376
1.59306
1.58559
1.58307
1.58608
1.5941
1.60552
1.61778
1.62781
1.63281
1.63127
1.62347
1.61168
1.59974
1.5919
1.59089
1.5966
1.60627
1.61612
1.62291
1.62453
1.61988
1.60881
1.59214
1.57189
1.55118
1.53329
1.52031
1.51223
1.50751
1.50473
1.50392
1.50652
1.51379
1.52525
1.53824
1.54913
1.55507
1.55512
1.55024
1.54256
1.53442
1.52747
1.5223
1.51843
1.51499
1.51138
1.50818
1.50765
1.51312
1.52676
1.54728
1.56969
1.58747
1.59532
1.59111
1.57659
1.55706
1.53945
1.52956
1.5295
1.53712
1.5479
1.55753
1.56317
1.56335
1.55763
1.54695
1.53427
1.5248
1.52447
1.5372
1.56243
1.59518
1.62866
1.65738
1.67904
1.69421
1.70435
1.70982
1.70993
1.70445
1.69468
1.68311
1.67219
1.66345
1.65749
1.65407
1.65238
1.651
1.64813
1.64181
1.63049
1.61336
1.59071
1.56404
1.53588
1.50945
1.48827
1.47599
1.47572
1.48827
1.51082
1.53777
1.56345
1.58414
1.59834
1.60595
1.60731
1.6026
1.59162
1.57411
1.55059
1.52338
1.49738
1.47928
1.47473
1.48492
1.50541
1.52878
1.54835
1.5601
1.5627
1.5567
1.54401
1.52727
1.50923
1.49215
1.47749
1.46572
1.45656
1.44936
1.44396
1.44103
1.44193
1.44806
1.46003
1.47727
1.49823
1.52109
1.54444
1.56744
1.58955
1.61016
1.62878
1.64536
1.66037
1.67425
1.68698
1.69796
1.70655
1.71224
1.71466
1.71338
1.70791
1.69784
1.68315
1.66454
1.64343
1.62184
1.60178
1.58486
1.57209
1.5639
1.56017
1.56028
1.56321
1.56806
1.57419
1.5814
1.58972
1.599
1.60886
1.61859
1.62743
1.63475
1.64015
1.6436
1.64531
1.64579
1.64573
1.64585
1.64679
1.64909
1.65295
1.65798
1.66304
1.66644
1.66647
1.66203
1.65296
1.64029
1.62596
1.61244
1.60221
1.59733
1.59895
1.60703
1.62032
1.63666
1.6537
1.66943
1.68239
1.69162
1.69662
1.69732
1.69443
1.68942
1.68418
1.68038
1.67892
1.6794
1.68032
1.67956
1.67502
1.66534
1.65048
1.63192
1.61251
1.59591
1.58564
1.58397
1.59123
1.6057
1.62423
1.64326
1.65981
1.6718
1.67819
1.67878
1.8
1.80002
1.80004
1.80007
1.80011
1.80016
1.80022
1.80028
1.80036
1.80044
1.80053
1.80063
1.80074
1.80086
1.80099
1.80113
1.80128
1.80144
1.8016
1.80178
1.80197
1.80217
1.80238
1.8026
1.80283
1.80307
1.80333
1.80359
1.80387
1.80417
1.80447
1.80479
1.80512
1.80546
1.80582
1.8062
1.80659
1.80699
1.80741
1.80785
1.8083
1.80877
1.80926
1.80977
1.8103
1.81085
1.81142
1.81201
1.81262
1.81326
1.81392
1.8146
1.81531
1.81605
1.81681
1.81761
1.81843
1.81928
1.82017
1.82109
1.82204
1.82303
1.82406
1.82513
1.82623
1.82738
1.82858
1.82982
1.8311
1.83244
1.83383
1.83527
1.83677
1.83833
1.83995
1.84163
1.84337
1.84518
1.84706
1.84901
1.85103
1.85312
1.85527
1.8575
1.85978
1.86212
1.86449
1.8669
1.8693
1.87167
1.87396
1.87612
1.87807
1.87971
1.88095
1.88165
1.8817
1.88102
1.87961
1.87759
1.87531
1.87328
1.87216
1.87258
1.87488
1.87905
1.88469
1.8912
1.89798
1.90456
1.91062
1.91597
1.92048
1.92403
1.92652
1.9278
1.92781
1.92653
1.92409
1.92082
1.91728
1.91422
1.91243
1.91251
1.91467
1.91869
1.92398
1.92981
1.93551
1.94063
1.94493
1.94833
1.95083
1.95243
1.95307
1.95265
1.95103
1.94816
1.94407
1.93898
1.93334
1.92776
1.92296
1.91963
1.91832
1.91929
1.92251
1.92767
1.93432
1.94191
1.94996
1.95808
1.96597
1.97344
1.98037
1.98672
1.99248
1.99769
2.00239
2.00663
2.01047
2.01393
2.01707
2.01988
2.02237
2.02451
2.02621
2.02735
2.02773
2.02708
2.02504
2.02126
2.01545
2.00766
1.9986
1.98986
1.98367
1.98202
1.98551
1.99297
2.00224
2.01123
2.01863
2.02393
2.02712
2.02841
2.02805
2.02626
2.02315
2.01874
2.01295
2.00574
1.99724
1.98807
1.9795
1.97341
1.9717
1.97539
1.98401
1.99577
2.0083
2.01953
2.02807
2.03329
2.03517
2.0341
2.03076
2.026
2.0208
2.0161
2.0127
2.01114
2.01157
2.01381
2.01743
2.02191
2.02672
2.03144
2.0358
2.03961
2.0428
2.04537
2.04738
2.04896
2.05025
2.05141
2.05259
2.05389
2.05531
2.05679
2.05824
2.05953
2.06055
2.0612
2.06145
2.06124
2.06057
2.05936
2.05752
2.05488
2.05117
2.04609
2.0393
2.03059
2.02012
2.00862
1.99756
1.98886
1.98409
1.98365
1.98663
1.99147
1.99677
2.00183
2.00654
2.0111
2.01576
2.02061
2.02561
2.03058
2.03531
2.03963
2.0434
2.04655
2.04904
2.05086
2.05203
2.05254
2.05241
2.05159
2.05009
2.04786
2.04492
2.04134
2.03727
2.033
2.02891
2.02548
2.02312
2.02211
2.02245
2.02396
2.02625
2.02895
2.03173
2.03439
2.03681
2.03895
2.0408
2.04237
2.04361
2.04452
2.04509
2.04533
2.04533
2.04524
2.04524
2.04555
2.04635
2.04773
2.04965
2.05193
2.05433
2.05654
2.05826
2.0593
2.05953
2.05895
2.05768
2.05592
2.05395
2.05206
2.05049
2.04941
2.04886
2.04878
2.04905
2.04954
2.05017
2.05096
2.05204
2.05357
2.05567
2.0584
2.06166
2.06525
2.06888
2.07227
2.07514
2.07729
2.07857
2.07892
2.07838
2.07707
2.07524
2.07325
2.0715
2.0704
2.07027
2.07119
2.07304
2.07547
2.07799
2.08007
2.08123
2.0811
2.07947
2.07629
2.07164
2.06572
2.05886
2.05153
2.04442
2.03847
2.03478
2.03426
2.03719
2.04297
2.05022
2.05724
2.06253
2.06507
2.06449
2.06099
2.05535
2.04883
2.04295
2.03924
2.03874
2.04173
2.04761
2.05521
2.06324
2.07068
2.07698
2.08199
2.08583
2.08867
2.09071
2.09202
2.09259
2.09232
2.0911
2.08878
2.08529
2.08067
2.07514
2.06914
2.06331
2.05841
2.05507
2.05359
2.05383
2.05528
2.05725
2.0592
2.06077
2.06191
2.06277
2.06361
2.06469
2.06616
2.06803
2.07022
2.07258
2.07503
2.07752
2.0801
2.08287
2.08587
2.08915
2.09261
2.09612
2.09949
2.10252
2.10504
2.10692
2.10805
2.10838
2.10791
2.10665
2.10467
2.10207
2.09902
2.09572
2.0924
2.0893
2.08658
2.08435
2.08265
2.08144
2.08067
2.08027
2.08021
2.08047
2.08101
2.08176
2.08259
2.08334
2.0838
2.08377
2.08311
2.08178
2.0799
2.07773
2.07566
2.07407
2.0732
2.07305
2.07334
2.07364
2.07354
2.07275
2.0712
2.06902
2.06646
2.0638
2.06126
2.05895
2.0569
2.0551
2.05353
2.05226
2.05139
2.05105
2.05135
2.05229
2.05376
2.05555
2.05737
2.05893
2.05998
2.06037
2.06012
2.05935
2.05835
2.05744
2.05694
2.05702
2.0577
2.05877
2.05993
2.06082
2.06115
2.06069
2.05935
2.05716
2.05424
2.05079
2.04707
2.04338
2.03997
2.03701
2.03457
2.03257
2.03082
2.02905
2.027
2.02445
2.02131
2.01769
2.01389
2.01043
2.00789
2.00681
2.00741
2.00956
2.01273
2.01609
2.01871
2.01967
2.01818
2.01384
2.00692
1.99875
1.99168
1.98842
1.99051
1.99739
2.00679
2.0162
2.02397
2.02952
2.0331
2.03536
2.03702
2.03868
2.04076
2.04341
2.04657
2.05001
2.05341
2.05648
2.05893
2.06056
2.06122
2.0608
2.05927
2.05666
2.05309
2.04875
2.04391
2.03889
2.03399
2.02947
2.0255
2.0222
2.01961
2.01772
2.01651
2.01596
2.01609
2.01704
2.019
2.02219
2.02667
2.03228
2.03864
2.04525
2.05159
2.05726
2.062
2.06569
2.06832
2.06993
2.07063
2.07052
2.06973
2.0684
2.06667
2.06474
2.06284
2.06123
2.06019
2.05991
2.06051
2.06192
2.06396
2.06636
2.06888
2.07133
2.07368
2.07596
2.07822
2.08042
2.08241
2.08388
2.08452
2.08408
2.08256
2.08031
2.07799
2.0764
2.07613
2.07725
2.07925
2.08125
2.08238
2.08204
2.08008
2.07676
2.07267
2.06856
2.06524
2.06343
2.06363
2.06602
2.07038
2.07604
2.08206
2.08738
2.09108
2.09259
2.09185
2.08943
2.08642
2.08422
2.08396
2.08606
2.09001
2.09475
2.09918
2.10251
2.10436
2.10472
2.10373
2.10159
2.09843
2.09433
2.08933
2.08365
2.07785
2.07292
2.0702
2.07082
2.07515
2.08248
2.09138
2.10026
2.10791
2.11364
2.11723
2.11877
2.11854
2.11689
2.1142
2.11079
2.10699
2.10305
2.09922
2.09583
2.09331
2.09211
2.0926
2.09485
2.09854
2.10305
2.10764
2.11168
2.11476
2.11675
2.11773
2.11792
2.11756
2.1169
2.11608
2.11518
2.11416
2.11295
2.1115
2.10978
2.10783
2.1057
2.10342
2.10099
2.09837
2.09549
2.09232
2.08898
2.08575
2.08308
2.08157
2.08172
2.08384
2.08781
2.09305
2.09859
2.10329
2.10601
2.10591
2.10271
2.09707
2.09074
2.08625
2.08578
2.08995
2.09748
2.10613
2.11403
2.12024
2.1247
2.12777
2.12984
2.13109
2.13138
2.13032
2.1274
2.1221
2.1141
2.10357
2.09146
2.07965
2.07056
2.06604
2.06626
2.06968
2.07404
2.07767
2.08007
2.08171
2.08353
2.08641
2.09071
2.09624
2.1024
2.10846
2.11384
2.11819
2.12136
2.12336
2.1243
2.12428
2.12341
2.12178
2.11948
2.11659
2.11324
2.10961
2.10597
2.10263
2.0999
2.09799
2.09691
2.09641
2.09607
2.09535
2.09371
2.09074
2.08621
2.08011
2.07266
2.06425
2.05545
2.04691
2.03933
2.0334
2.02959
2.02802
2.02833
2.03001
2.03274
2.03666
2.04209
2.04914
2.05741
2.06608
2.07423
2.08122
2.08668
2.09059
2.09306
2.09433
2.09463
2.09419
2.09321
2.09186
2.09027
2.08854
2.08675
2.08495
2.08314
2.08133
2.07947
2.0775
2.07537
2.07301
2.07038
2.06748
2.06437
2.06124
2.0583
2.05583
2.05405
2.05306
2.05274
2.05278
2.05271
2.05205
2.05036
2.04735
2.04297
2.03739
2.03107
2.02476
2.01937
2.01583
2.01484
2.01666
2.02102
2.02719
2.03421
2.04116
2.04731
2.05217
2.05548
2.05712
2.05704
2.05533
2.05216
2.04787
2.04301
2.03828
2.03443
2.03203
2.03131
2.0321
2.03402
2.03658
2.0394
2.04225
2.04496
2.04743
2.04957
2.05123
2.05231
2.05264
2.05211
2.05057
2.04793
2.04415
2.03931
2.03372
2.02798
2.02297
2.01964
2.0187
2.02028
2.02389
2.02864
2.03357
2.03796
2.04138
2.04369
2.04493
2.04526
2.04488
2.04399
2.0428
2.04154
2.04041
2.03959
2.03923
2.03946
2.04033
2.04184
2.04395
2.04655
2.04953
2.05276
2.05611
2.05949
2.0628
2.06598
2.06898
2.07177
2.07432
2.0766
2.07862
2.08034
2.08176
2.08286
2.08365
2.08413
2.08432
2.08426
2.08402
2.08368
2.08335
2.08315
2.08321
2.08366
2.08461
2.08612
2.0882
2.0908
2.09377
2.09691
2.09998
2.1027
2.10482
2.10615
2.10655
2.106
2.10463
2.10271
2.10069
2.09912
2.09856
2.09949
2.10218
2.10667
2.11275
2.12006
2.12814
2.13654
2.14476
2.15237
2.15895
2.16412
2.16755
2.16895
2.16811
2.16491
2.15942
2.15191
2.14297
2.13344
2.12439
2.11686
2.11171
2.10947
2.11023
2.11373
2.11939
2.12638
2.13373
2.14052
2.146
2.14973
2.15153
2.15151
2.14994
2.14731
2.14423
2.14132
2.13902
2.13737
2.13607
2.13463
2.13275
2.13049
2.12836
2.12706
2.12711
2.1286
2.131
2.13325
2.13399
2.13187
2.12612
2.11744
2.10872
2.10452
2.10843
2.12014
2.1357
2.15047
2.16154
2.16806
2.17038
2.16932
2.16569
2.16014
2.15322
2.14533
2.13685
2.12814
2.11964
2.11187
2.10542
2.10087
2.09866
2.09891
2.10143
2.10572
2.11115
2.11712
2.12316
2.12894
2.13432
2.13924
2.14373
2.14778
2.1514
2.15454
2.1571
2.15895
2.1599
2.15969
2.15805
