-2.27309
-2.27152
-2.27036
-2.26886
-2.26901
-2.26801
-2.26718
-2.26769
-2.26723
-2.26696
-2.26708
-2.26919
-2.27112
-2.27107
-2.27079
-2.26999
-2.2693
-2.26889
-2.26893
-2.2701
-2.27136
-2.27247
-2.27175
-2.2689
-2.26739
-2.26516
-2.2647
-2.26534
-2.2662
-2.26841
-2.27307
-2.27589
-2.27749
-2.27669
-2.27459
-2.27316
-2.27034
-2.26816
-2.26844
-2.26644
-2.26614
-2.2657
-2.26703
-2.26975
-2.26922
-2.27002
-2.27006
-2.27183
-2.27212
-2.27047
-2.2701
-2.26884
-2.26909
-2.26758
-2.26778
-2.26771
-2.26778
-2.26766
-2.26697
-2.26684
-2.26733
-2.26614
-2.26647
-2.26798
-2.26961
-2.27002
-2.27043
-2.27001
-2.27013
-2.26988
-2.26963
-2.26939
-2.26921
-2.2676
-2.26803
-2.26858
-2.26948
-2.27051
-2.27189
-2.27274
-2.27271
-2.27375
-2.27268
-2.2714
-2.2691
-2.26708
-2.26616
-2.26631
-2.26624
-2.26755
-2.26967
-2.27373
-2.27585
-2.27643
-2.27566
-2.27416
-2.27321
-2.27137
-2.26898
-2.26599
-2.26553
-2.26449
-2.26547
-2.26631
-2.26695
-2.26819
-2.27025
-2.27188
-2.27318
-2.27288
-2.27259
-2.27145
-2.27094
-2.26977
-2.27065
-2.2701
-2.27036
-2.27042
-2.27067
-2.26986
-2.26981
-2.2699
-2.26979
-2.26975
-2.26917
-2.26889
-2.26862
-2.26892
-2.26844
-2.26731
-2.26777
-2.26719
-2.26793
-2.26954
-2.26908
-2.26871
-2.26855
-2.26656
-2.2648
-2.26347
-2.26269
-2.26215
-2.26271
-2.26535
-2.26966
-2.27189
-2.27372
-2.27375
-2.27102
-2.26988
-2.26778
-2.26418
-2.26162
-2.26056
-2.26174
-2.26422
-2.26786
-2.27239
-2.27606
-2.27649
-2.27708
-2.27532
-2.27299
-2.26993
-2.26639
-2.26574
-2.26847
-2.27006
-2.27219
-2.27303
-2.27437
-2.27469
-2.27506
-2.27467
-2.27383
-2.27288
-2.27056
-2.26999
-2.2694
-2.26972
-2.2694
-2.27016
-2.27148
-2.27246
-2.27366
-2.27337
-2.27264
-2.2726
-2.27145
-2.2708
-2.27115
-2.26918
-2.26927
-2.2689
-2.26881
-2.26962
-2.27017
-2.26972
-2.26956
-2.26998
-2.26965
-2.27033
-2.26984
-2.26674
-2.26492
-2.26534
-2.26385
-2.2644
-2.26585
-2.26781
-2.2692
-2.2704
-2.26975
-2.2681
-2.26563
-2.26441
-2.26268
-2.26208
-2.26381
-2.26506
-2.26623
-2.26803
-2.26866
-2.2683
-2.26733
-2.26796
-2.26754
-2.26782
-2.26712
-2.26664
-2.26735
-2.26707
-2.26586
-2.26406
-2.26197
-2.26189
-2.263
-2.26407
-2.2659
-2.2665
-2.26784
-2.26767
-2.268
-2.26805
-2.26947
-2.27088
-2.27343
-2.27558
-2.27666
-2.27354
-2.27159
-2.26971
-2.2671
-2.26643
-2.26769
-2.26936
-2.26997
-2.26982
-2.26946
-2.26856
-2.26837
-2.26742
-2.2679
-2.2684
-2.26833
-2.26812
-2.26795
-2.26893
-2.26911
-2.26985
-2.27102
-2.27043
-2.27048
-2.26943
-2.26846
-2.26643
-2.26489
-2.26506
-2.26576
-2.26476
-2.26504
-2.26711
-2.26808
-2.27016
-2.27035
-2.27037
-2.26933
-2.26895
-2.26946
-2.27046
-2.27282
-2.27335
-2.27393
-2.27305
-2.27241
-2.27233
-2.27136
-2.27143
-2.27042
-2.27059
-2.26979
-2.26916
-2.26971
-2.27064
-2.27105
-2.27024
-2.26983
-2.26992
-2.27081
-2.2715
-2.27119
-2.272
-2.27138
-2.27125
-2.2706
-2.26828
-2.26694
-2.26627
-2.26623
-2.2664
-2.26631
-2.2674
-2.26896
-2.27096
-2.27105
-2.27163
-2.27161
-2.26978
-2.26861
-2.26707
-2.26582
-2.26609
-2.26722
-2.26707
-2.26744
-2.26913
-2.26964
-2.27033
-2.27069
-2.27131
-2.27059
-2.2718
-2.27228
-2.27265
-2.2732
-2.27437
-2.27497
-2.2754
-2.27442
-2.27359
-2.2716
-2.2688
-2.26863
-2.26893
-2.26877
-2.27107
-2.27243
-2.27376
-2.27545
-2.2759
-2.27592
-2.27548
-2.27413
-2.27357
-2.27232
-2.27034
-2.26781
-2.26598
-2.26546
-2.26492
-2.26612
-2.26742
-2.26839
-2.26923
-2.26876
-2.26798
-2.26796
-2.26791
-2.26689
-2.26604
-2.26656
-2.26519
-2.26436
-2.2637
-2.26395
-2.26602
-2.26821
-2.27097
-2.27319
-2.27486
-2.27385
-2.27163
-2.26792
-2.26574
-2.26458
-2.26351
-2.26298
-2.26373
-2.26698
-2.26739
-2.26745
-2.26799
-2.26778
-2.26751
-2.26811
-2.26947
-2.2713
-2.27324
-2.27544
-2.27482
-2.2757
-2.27369
-2.27294
-2.27244
-2.27125
-2.27124
-2.27035
-2.26976
-2.26867
-2.26748
-2.26616
-2.26532
-2.26514
-2.26678
-2.26761
-2.26927
-2.26976
-2.26962
-2.26969
-2.26932
-2.26993
-2.26939
-2.27021
-2.27174
-2.27358
-2.27512
-2.27448
-2.27418
-2.27314
-2.27185
-2.27046
-2.26777
-2.26692
-2.26574
-2.26622
-2.26711
-2.26932
-2.27023
-2.27196
-2.27392
-2.27386
-2.27434
-2.27331
-2.27191
-2.27066
-2.26919
-2.26769
-2.26565
-2.26557
-2.26544
-2.26568
-2.26646
-2.26745
-2.2675
-2.26696
-2.26591
-2.26587
-2.26496
-2.265
-2.2656
-2.26401
-2.2654
-2.26728
-2.26951
-2.27273
-2.27527
-2.27679
-2.276
-2.27349
-2.27042
-2.26795
-2.26653
-2.26575
-2.26647
-2.26502
-2.26568
-2.26738
-2.26933
-2.27198
-2.2722
-2.27116
-2.2697
-2.2677
-2.26718
-2.26818
-2.2691
-2.2693
-2.26922
-2.26805
-2.26706
-2.26706
-2.26457
-2.26502
-2.26529
-2.26481
-2.2662
-2.26676
-2.2675
-2.26875
-2.27005
-2.27003
-2.27017
-2.27004
-2.27047
-2.26913
-2.26953
-2.26876
-2.26839
-2.26795
-2.26833
-2.26775
-2.26822
-2.2699
-2.27088
-2.27241
-2.27258
-2.27099
-2.26768
-2.26362
-2.26104
-2.26036
-2.26085
-2.26531
-2.26983
-2.27377
-2.27479
-2.27469
-2.27299
-2.27074
-2.26956
-2.26854
-2.26662
-2.26573
-2.26512
-2.26573
-2.26542
-2.26585
-2.26714
-2.26866
-2.26919
-2.26892
-2.26984
-2.27094
-2.27085
-2.27069
-2.2706
-2.27133
-2.27258
-2.2727
-2.27161
-2.27124
-2.27105
-2.27052
-2.27075
-2.2707
-2.27188
-2.27187
-2.2732
-2.27268
-2.26994
-2.26869
-2.26736
-2.26823
-2.26816
-2.26974
-2.27207
-2.27529
-2.27677
-2.27767
-2.27816
-2.27864
-2.2782
-2.27863
-2.27598
-2.27646
-2.27591
-2.27499
-2.27332
-2.2721
-2.27108
-2.27201
-2.27331
-2.27482
-2.27489
-2.27313
-2.27073
-2.26855
-2.26803
-2.26699
-2.26653
-2.26649
-2.26634
-2.26766
-2.26908
-2.27101
-2.27171
-2.27154
-2.27065
-2.27026
-2.26934
-2.27073
-2.27082
-2.27104
-2.27143
-2.27121
-2.26967
-2.2692
-2.26755
-2.26891
-2.26966
-2.26885
-2.26847
-2.2687
-2.26783
-2.26966
-2.26851
-2.26902
-2.27121
-2.27212
-2.27244
-2.27199
-2.26972
-2.26943
-2.26991
-2.2693
-2.26817
-2.26745
-2.26675
-2.26649
-2.26584
-2.26387
-2.26322
-2.26097
-2.26094
-2.261
-2.26242
-2.26553
-2.26768
-2.26993
-2.26956
-2.2693
-2.26696
-2.26486
-2.26477
-2.26599
-2.2657
-2.26807
-2.26804
-2.26841
-2.26878
-2.26946
-2.27132
-2.2721
-2.27433
-2.27566
-2.27402
-2.27306
-2.27053
-2.26721
-2.26582
-2.26683
-2.26877
-2.268
-2.26862
-2.26978
-2.27082
-2.27319
-2.27504
-2.27617
-2.2759
-2.27579
-2.2741
-2.27248
-2.27178
-2.27015
-2.269
-2.26787
-2.26586
-2.2642
-2.2654
-2.26637
-2.26784
-2.26839
-2.26875
-2.26881
-2.27067
-2.26983
-2.26971
-2.26829
-2.2673
-2.26757
-2.26776
-2.2672
-2.26699
-2.26676
-2.26643
-2.26721
-2.26821
-2.26997
-2.27095
-2.27147
-2.27228
-2.27255
-2.27216
-2.27263
-2.27116
-2.27003
-2.26941
-2.27014
-2.26964
-2.26951
-2.26836
-2.26801
-2.26817
-2.26735
-2.26762
-2.26962
-2.27152
-2.27361
-2.27528
-2.27716
-2.27718
-2.27637
-2.27577
-2.27537
-2.2736
-2.27122
-2.26811
-2.26649
-2.26502
-2.26631
-2.26774
-2.26795
-2.26864
-2.26903
-2.26897
-2.26921
-2.26769
-2.26688
-2.26612
-2.26641
-2.26769
-2.26906
-2.26834
-2.26836
-2.2672
-2.26708
-2.26747
-2.26679
-2.267
-2.26767
-2.26765
-2.2684
-2.2686
-2.26817
-2.26834
-2.26893
-2.26848
-2.26869
-2.26971
-2.26968
-2.27061
-2.27084
-2.27129
-2.26959
-2.26833
-2.26586
-2.26533
-2.2658
-2.26513
-2.26495
-2.26562
-2.26599
-2.26543
-2.26353
-2.26166
-2.26199
-2.26245
-2.26311
-2.26393
-2.26586
-2.26832
-2.27163
-2.27333
-2.27362
-2.27411
-2.27345
-2.2729
-2.27113
-2.26937
-2.26861
-2.26768
-2.26753
-2.26685
-2.26657
-2.26728
-2.26736
-2.26736
-2.26733
-2.26687
-2.26666
-2.26638
-2.26673
-2.26784
-2.26797
-2.26841
-2.27011
-2.27069
-2.27246
-2.27253
-2.27196
-2.27323
-2.27314
-2.27256
-2.2705
-2.26906
-2.26665
-2.26623
-2.26664
-2.2665
-2.26778
-2.2683
-2.26973
-2.27065
-2.27184
-2.27082
-2.26879
-2.26645
-2.26372
-2.2623
-2.26224
-2.26468
-2.26676
-2.2705
-2.271
-2.27244
-2.27339
-2.27249
-2.27247
-2.2715
-2.26953
-2.26866
-2.26797
-2.26808
-2.26823
-2.26765
-2.26893
-2.2692
-2.26953
-2.27087
-2.27243
-2.27111
-2.27125
-2.27221
-2.27263
-2.27364
-2.27276
-2.27195
-2.27053
-2.26971
-2.27071
-2.27161
-2.27354
-2.27386
-2.27288
-2.27139
-2.26987
-2.26736
-2.26563
-2.26681
-2.26833
-2.26876
-2.26932
-2.26903
-2.26872
-2.27029
-2.26978
-2.26998
-2.27027
-2.2706
-2.2707
-2.27063
-2.27201
-2.27078
-2.27032
-2.26985
-2.26922
-2.26953
-2.26863
-2.26753
-2.26719
-2.26766
-2.26983
-2.27031
-2.27241
-2.27332
-2.27263
-2.27166
-2.26974
-2.2687
-2.26712
-2.26782
-2.26949
-2.26977
-2.27047
-2.27129
-2.2719
-2.27309
-2.27323
-2.27273
-2.27206
-2.27085
-2.27147
-2.27144
-2.27179
-2.27299
-2.27461
-2.27554
-2.27553
-2.27627
-2.27513
-2.273
-2.27222
-2.27223
-2.27015
-2.26788
-2.26646
-2.26577
-2.26524
-2.26708
-2.26841
-2.26967
-2.27091
-2.27218
-2.27305
-2.27335
-2.27375
-2.27406
-2.27334
-2.27241
-2.27067
-2.26881
-2.26873
-2.26823
-2.26817
-2.26966
-2.27175
-2.27333
-2.27338
-2.27396
-2.27201
-2.26954
-2.26721
-2.26459
-2.26373
-2.26377
-2.26795
-2.27238
-2.27631
-2.27851
-2.27732
-2.27556
-2.2728
-2.27046
-2.26856
-2.26571
-2.26514
-2.26471
-2.26515
-2.26531
-2.2673
-2.26773
-2.2692
-2.26776
-2.26758
-2.26592
-2.26438
-2.26599
-2.26781
-2.27062
-2.27167
-2.27038
-2.27006
-2.26996
-2.26997
-2.2705
-2.2737
-2.27676
-2.27787
-2.27736
0.934913
0.908689
0.910138
0.924326
0.943848
0.962914
0.973691
0.98053
0.983175
0.986814
0.987472
0.985383
0.974044
0.963985
0.957282
0.952664
0.95456
0.958338
0.962254
0.96412
0.964209
0.964776
0.965547
0.970592
0.975544
0.974907
0.969631
0.961443
0.957154
0.961195
0.963694
0.96669
0.970195
0.971985
0.970165
0.972817
0.971374
0.971434
0.969859
0.970593
0.966836
0.960079
0.95547
0.955864
0.963476
0.966679
0.971203
0.968716
0.965393
0.962502
0.960643
0.958567
0.960523
0.965313
0.967321
0.970173
0.972375
0.970345
0.968731
0.969155
0.968287
0.966
0.963254
0.966309
0.970972
0.975673
0.977759
0.97114
0.967021
0.966403
0.971024
0.972285
0.970056
0.965531
0.961305
0.964555
0.968423
0.972413
0.976025
0.97868
0.979505
0.981843
0.978328
0.974829
0.971067
0.964371
0.962712
0.960184
0.965581
0.970399
0.974258
0.969031
0.965122
0.962306
0.963266
0.963536
0.96426
0.963801
0.961038
0.958652
0.957372
0.958924
0.96197
0.966341
0.968962
0.974549
0.975696
0.974732
0.967922
0.959462
0.957186
0.956946
0.962433
0.962861
0.964174
0.96345
0.965968
0.966778
0.96792
0.966118
0.968791
0.973372
0.969474
0.968783
0.963612
0.958631
0.956458
0.958359
0.95699
0.95517
0.954515
0.961696
0.965226
0.966266
0.964931
0.96843
0.968125
0.970315
0.973463
0.974729
0.974434
0.968642
0.964901
0.959863
0.954709
0.958204
0.958388
0.960731
0.966569
0.973348
0.981306
0.98088
0.976494
0.970927
0.964624
0.9633
0.962749
0.970707
0.978129
0.988287
0.992444
0.984265
0.974955
0.963673
0.95586
0.951912
0.956364
0.959651
0.965605
0.971004
0.971504
0.96689
0.964741
0.963499
0.963321
0.959059
0.951886
0.952899
0.954541
0.958563
0.957354
0.957386
0.958643
0.958784
0.964361
0.969807
0.976083
0.983037
0.984291
0.985685
0.984587
0.980223
0.975571
0.971117
0.966949
0.960981
0.958798
0.955586
0.954869
0.956698
0.955617
0.959646
0.964785
0.968605
0.974695
0.976407
0.976085
0.974862
0.97227
0.968975
0.9627
0.95587
0.958015
0.958863
0.95914
0.959987
0.958974
0.957601
0.960391
0.963356
0.964494
0.970168
0.968814
0.965505
0.959517
0.960299
0.960973
0.959894
0.956223
0.955138
0.950526
0.945553
0.94526
0.953581
0.966167
0.977128
0.980822
0.976153
0.970014
0.96144
0.95974
0.956722
0.954576
0.954093
0.952644
0.95341
0.956076
0.957229
0.959741
0.960279
0.961093
0.962008
0.96083
0.961813
0.962007
0.956953
0.956468
0.95418
0.956413
0.95369
0.956511
0.962393
0.967229
0.966152
0.966291
0.965559
0.962356
0.95844
0.95538
0.950708
0.958227
0.959487
0.956147
0.957584
0.958226
0.960491
0.963739
0.968355
0.964965
0.960922
0.96427
0.964072
0.962473
0.959681
0.957234
0.954803
0.957542
0.955755
0.952533
0.953851
0.953912
0.955882
0.960052
0.964332
0.967883
0.970388
0.973187
0.970741
0.970424
0.97003
0.965473
0.956988
0.951605
0.950993
0.951774
0.954727
0.956508
0.958117
0.9598
0.964345
0.967364
0.972861
0.975551
0.973365
0.966813
0.96041
0.962521
0.966252
0.96654
0.964328
0.963275
0.964113
0.966014
0.964327
0.961491
0.961105
0.959517
0.963526
0.963569
0.962515
0.96182
0.963211
0.963475
0.967253
0.966416
0.969025
0.972241
0.974128
0.978384
0.983925
0.98175
0.97487
0.963594
0.957071
0.958634
0.966912
0.970054
0.971837
0.970698
0.964536
0.959272
0.955123
0.95163
0.951955
0.954876
0.959319
0.963997
0.966049
0.967969
0.96404
0.959855
0.95852
0.962543
0.972061
0.975338
0.975566
0.975834
0.973924
0.967626
0.96045
0.955964
0.957653
0.966579
0.97714
0.984339
0.98024
0.972271
0.959933
0.954956
0.954724
0.957774
0.961137
0.960005
0.958486
0.958191
0.960335
0.966253
0.970732
0.972684
0.969696
0.970895
0.971772
0.969283
0.966663
0.964966
0.967894
0.975425
0.978885
0.97984
0.974309
0.967964
0.961523
0.956496
0.955657
0.957258
0.959217
0.962371
0.962878
0.959737
0.959059
0.9554
0.952699
0.955645
0.961844
0.969218
0.978599
0.983978
0.9793
0.97387
0.965791
0.963682
0.964463
0.964714
0.963663
0.963367
0.967765
0.966848
0.967205
0.965427
0.960698
0.960906
0.96521
0.969415
0.977886
0.982014
0.980401
0.974909
0.973159
0.976228
0.977035
0.976308
0.972984
0.970614
0.96524
0.964175
0.958624
0.951032
0.947407
0.950182
0.954739
0.958442
0.96139
0.963554
0.965492
0.962779
0.961168
0.958488
0.959738
0.961437
0.965284
0.962519
0.958832
0.956113
0.955279
0.957643
0.959932
0.966836
0.973873
0.973717
0.9681
0.962798
0.96338
0.966861
0.970709
0.977189
0.977644
0.973657
0.970102
0.971619
0.977673
0.982657
0.986458
0.980915
0.975723
0.96772
0.959009
0.957552
0.958825
0.963301
0.971471
0.976097
0.972152
0.965321
0.958501
0.959469
0.966243
0.974099
0.97939
0.97877
0.970323
0.967589
0.965491
0.964071
0.964522
0.96873
0.972098
0.976775
0.982267
0.981202
0.975846
0.968687
0.961098
0.95631
0.957208
0.958745
0.964097
0.970914
0.977511
0.978797
0.979712
0.973604
0.965275
0.95851
0.951033
0.953768
0.959714
0.967293
0.973509
0.969089
0.96685
0.961065
0.960592
0.964457
0.96376
0.957357
0.958736
0.955025
0.954515
0.954635
0.957286
0.960715
0.964777
0.972101
0.976855
0.976351
0.979826
0.980923
0.970116
0.953855
0.950364
0.953714
0.962638
0.97442
0.983791
0.99302
0.996567
0.991956
0.976977
0.965077
0.957374
0.955745
0.955365
0.958601
0.959944
0.964915
0.971933
0.976525
0.980012
0.980247
0.972528
0.966423
0.965305
0.963052
0.963413
0.966008
0.96973
0.965383
0.956473
0.956635
0.958813
0.962015
0.963552
0.963859
0.966673
0.968634
0.966845
0.961011
0.96063
0.956867
0.957761
0.956017
0.950521
0.947317
0.947646
0.956958
0.967772
0.973762
0.975338
0.966793
0.953707
0.938989
0.933506
0.933176
0.941058
0.947759
0.953916
0.956858
0.962579
0.965853
0.970401
0.974469
0.977034
0.975582
0.971913
0.965265
0.961949
0.953077
0.954576
0.953814
0.957398
0.964439
0.969496
0.973364
0.972902
0.969859
0.971378
0.971235
0.971217
0.97383
0.971305
0.970601
0.973276
0.976046
0.979064
0.979416
0.982791
0.984455
0.973711
0.960513
0.956005
0.954318
0.957004
0.95448
0.952716
0.957031
0.960283
0.965879
0.969652
0.968079
0.963296
0.959298
0.962771
0.962009
0.965587
0.96811
0.969187
0.96356
0.955142
0.951576
0.953263
0.955119
0.959439
0.965603
0.969166
0.967278
0.96223
0.958143
0.956686
0.960375
0.962412
0.958952
0.955871
0.952511
0.953875
0.955513
0.961083
0.964181
0.963129
0.95971
0.959201
0.962221
0.967215
0.964369
0.961937
0.959346
0.957916
0.960816
0.959221
0.961631
0.964187
0.969909
0.96839
0.961268
0.953998
0.955149
0.957553
0.959618
0.953093
0.94593
0.940484
0.945869
0.95328
0.96365
0.965385
0.959349
0.96324
0.969726
0.973891
0.970396
0.962673
0.958204
0.958887
0.95961
0.963745
0.963291
0.962417
0.960094
0.961185
0.966533
0.972435
0.977856
0.974648
0.967916
0.961062
0.959009
0.953564
0.956411
0.962796
0.968192
0.96625
0.964994
0.960059
0.959638
0.963187
0.966329
0.969327
0.972107
0.970329
0.969229
0.970551
0.97067
0.969463
0.967383
0.959737
0.947446
0.940912
0.940495
0.949093
0.958483
0.963349
0.961244
0.964055
0.971085
0.977808
0.980847
0.978549
0.979597
0.978224
0.974006
0.970223
0.962988
0.959776
0.962039
0.964511
0.966066
0.967122
0.966361
0.969362
0.967397
0.966221
0.966121
0.960891
0.955823
0.946478
0.944966
0.951421
0.956563
0.967878
0.976377
0.978984
0.976087
0.973915
0.972599
0.964312
0.957714
0.95825
0.962174
0.9679
0.971151
0.968167
0.960592
0.954373
0.949766
0.949283
0.950163
0.955187
0.955201
0.95657
0.957171
0.956468
0.956654
0.958955
0.963936
0.964371
0.965133
0.965787
0.96344
0.962237
0.960763
0.960993
0.963133
0.965631
0.97005
0.971188
0.965349
0.960604
0.955469
0.95529
0.953237
0.95673
0.963062
0.96766
0.968583
0.966364
0.961059
0.962103
0.964626
0.971318
0.975561
0.979377
0.975222
0.964136
0.950504
0.948326
0.952328
0.958851
0.963735
0.964306
0.970168
0.967914
0.968119
0.96461
0.964891
0.960755
0.956388
0.950209
0.945953
0.948687
0.954855
0.958798
0.963096
0.963125
0.960011
0.955516
0.955449
0.959252
0.964564
0.963981
0.959859
0.952051
0.950764
0.951249
0.958342
0.964439
0.970585
0.970627
0.970144
0.966429
0.966113
0.962524
0.959513
0.958598
0.959035
0.960333
0.964495
0.965652
0.961159
0.953663
0.953909
0.956018
0.965063
0.974369
0.981905
0.984892
0.981135
0.980193
0.977426
0.972994
0.970308
0.962164
0.954148
0.947575
0.943552
0.941944
0.943828
0.948176
0.94525
0.943257
0.944732
0.950496
0.953319
0.954612
0.952357
0.955673
0.960346
0.961225
0.958655
0.955559
0.950682
0.949706
0.953116
0.963383
0.971427
0.974928
0.973355
0.975703
0.974457
0.968405
0.960321
0.949786
0.946594
0.946683
0.950002
0.954497
0.960738
0.960848
0.952526
0.9492
0.949253
0.952273
0.960327
0.967735
0.971977
0.970876
0.965489
0.956052
0.953523
0.955836
0.962319
0.962087
0.964799
0.966346
0.971099
0.970313
0.96863
0.96412
0.963679
0.963891
0.964167
0.966512
0.964567
0.962561
0.963148
0.960536
0.956982
0.959391
0.960755
0.961027
0.962408
0.959035
0.960697
0.967886
0.974716
0.984657
0.986472
0.980422
0.969965
0.954565
0.943115
0.940796
0.944285
0.952358
0.958041
0.961729
0.962278
0.958302
0.956552
0.952315
0.951154
0.952501
0.95808
0.96142
0.965712
0.967993
0.970661
0.970133
0.973426
0.974846
0.966287
0.960989
0.961184
0.967553
0.976603
0.982811
0.981821
0.973104
0.964623
0.959695
0.95871
0.962678
-3.47408
-3.47478
-3.47437
-3.47519
-3.4738
-3.47431
-3.47441
-3.47265
-3.47236
-3.47176
-3.47109
-3.47096
-3.47077
-3.47082
-3.47131
-3.47117
-3.47027
-3.47077
-3.47003
-3.47017
-3.47051
-3.47148
-3.47206
-3.47432
-3.47362
-3.47277
-3.47099
-3.46978
-3.46847
-3.46852
-3.46906
-3.4695
-3.47079
-3.47233
-3.47407
-3.47487
-3.4746
-3.4742
-3.47358
-3.47235
-3.47164
-3.47173
-3.471
-3.47168
-3.47216
-3.47248
-3.47223
-3.47107
-3.47037
-3.46993
-3.47042
-3.46906
-3.46957
-3.47025
-3.47058
-3.47016
-3.47007
-3.46936
-3.46863
-3.46953
-3.46921
-3.46915
-3.46832
-3.46827
-3.46854
-3.46881
-3.46912
-3.46872
-3.46974
-3.47005
-3.47058
-3.47092
-3.47261
-3.47334
-3.47487
-3.47517
-3.47684
-3.47586
-3.47495
-3.47408
-3.47195
-3.47236
-3.47141
-3.46993
-3.46984
-3.4702
-3.47075
-3.47086
-3.47083
-3.47177
-3.47182
-3.4734
-3.47421
-3.47416
-3.47384
-3.47409
-3.47314
-3.47388
-3.47305
-3.47328
-3.47315
-3.47311
-3.47299
-3.47298
-3.47263
-3.47332
-3.47404
-3.4741
-3.4744
-3.47392
-3.47374
-3.47382
-3.47383
-3.47376
-3.47361
-3.473
-3.47254
-3.47216
-3.47098
-3.47021
-3.46969
-3.47018
-3.47017
-3.47261
-3.47336
-3.47288
-3.47394
-3.47434
-3.47461
-3.47491
-3.47434
-3.47396
-3.47255
-3.47223
-3.47224
-3.47138
-3.46941
-3.46864
-3.46835
-3.46923
-3.47166
-3.47289
-3.47336
-3.47258
-3.47071
-3.46958
-3.46956
-3.46998
-3.47129
-3.47187
-3.4713
-3.4722
-3.47219
-3.47275
-3.47375
-3.47405
-3.47303
-3.47367
-3.47413
-3.47516
-3.4762
-3.4769
-3.47859
-3.47902
-3.4776
-3.47666
-3.47576
-3.47442
-3.47369
-3.47334
-3.47404
-3.47355
-3.47247
-3.47345
-3.47455
-3.47427
-3.4753
-3.47544
-3.47569
-3.47507
-3.475
-3.47408
-3.47295
-3.47167
-3.47072
-3.46954
-3.47025
-3.47012
-3.46903
-3.46899
-3.46906
-3.46957
-3.46967
-3.47032
-3.4708
-3.47026
-3.47077
-3.47045
-3.47053
-3.47079
-3.46989
-3.47003
-3.46915
-3.469
-3.46865
-3.46844
-3.47055
-3.47096
-3.471
-3.47122
-3.47167
-3.47224
-3.47242
-3.47087
-3.47104
-3.47056
-3.47125
-3.47081
-3.47105
-3.47116
-3.47219
-3.47131
-3.47147
-3.47255
-3.47289
-3.47325
-3.47226
-3.47174
-3.47196
-3.47149
-3.46986
-3.46918
-3.46926
-3.4695
-3.47001
-3.47005
-3.47102
-3.4723
-3.47237
-3.47189
-3.47112
-3.47162
-3.47114
-3.47049
-3.46934
-3.4679
-3.46838
-3.46869
-3.46972
-3.47051
-3.47222
-3.47302
-3.47369
-3.47364
-3.47424
-3.47429
-3.47393
-3.47429
-3.47399
-3.47297
-3.47404
-3.47415
-3.4744
-3.4751
-3.47432
-3.47356
-3.47359
-3.47423
-3.47406
-3.47408
-3.4746
-3.47368
-3.47399
-3.47346
-3.47364
-3.4739
-3.47402
-3.47361
-3.47292
-3.47287
-3.47172
-3.47138
-3.47097
-3.47044
-3.47113
-3.47116
-3.47203
-3.47209
-3.47175
-3.47218
-3.47313
-3.47366
-3.4735
-3.47326
-3.47275
-3.47152
-3.47121
-3.47166
-3.47143
-3.47188
-3.47216
-3.4718
-3.47214
-3.47112
-3.47167
-3.47121
-3.47085
-3.47106
-3.47073
-3.47095
-3.47074
-3.47048
-3.47113
-3.47144
-3.47145
-3.4712
-3.47185
-3.472
-3.47225
-3.4731
-3.47358
-3.47306
-3.47225
-3.47152
-3.47016
-3.47013
-3.47053
-3.47004
-3.47033
-3.47076
-3.47109
-3.471
-3.47175
-3.47163
-3.47314
-3.47388
-3.47378
-3.47456
-3.47445
-3.47426
-3.4745
-3.47399
-3.47234
-3.47158
-3.47002
-3.47041
-3.47183
-3.47315
-3.4738
-3.4736
-3.47224
-3.47154
-3.47003
-3.46975
-3.46968
-3.46961
-3.46875
-3.4688
-3.46976
-3.47014
-3.47009
-3.47037
-3.47006
-3.47107
-3.47152
-3.47102
-3.46923
-3.46895
-3.46833
-3.46781
-3.46721
-3.46724
-3.4679
-3.46959
-3.47067
-3.47095
-3.47181
-3.47229
-3.4724
-3.47203
-3.47147
-3.47165
-3.4717
-3.47129
-3.47119
-3.47165
-3.47164
-3.47307
-3.4741
-3.47426
-3.47389
-3.47202
-3.47022
-3.46887
-3.46946
-3.46786
-3.46719
-3.4672
-3.4678
-3.46845
-3.46964
-3.47172
-3.47232
-3.47354
-3.47458
-3.47483
-3.47337
-3.47277
-3.47219
-3.47092
-3.47005
-3.46847
-3.46722
-3.46722
-3.46725
-3.46805
-3.46796
-3.46841
-3.46948
-3.4689
-3.46884
-3.46917
-3.4689
-3.46814
-3.46682
-3.46626
-3.46552
-3.46583
-3.46588
-3.46648
-3.46742
-3.46818
-3.46843
-3.46969
-3.46993
-3.47047
-3.46995
-3.46848
-3.46717
-3.46635
-3.46689
-3.46694
-3.46698
-3.46749
-3.46754
-3.46759
-3.46854
-3.46852
-3.46945
-3.46943
-3.47116
-3.47212
-3.47309
-3.47283
-3.47081
-3.47059
-3.46929
-3.46906
-3.46884
-3.46935
-3.46975
-3.46953
-3.46993
-3.47047
-3.47051
-3.47099
-3.47053
-3.47009
-3.46996
-3.46834
-3.46752
-3.46705
-3.46707
-3.46765
-3.46897
-3.47031
-3.47082
-3.47101
-3.47128
-3.47086
-3.47179
-3.47132
-3.4709
-3.4698
-3.47087
-3.47112
-3.47053
-3.47014
-3.47009
-3.47017
-3.4709
-3.47093
-3.47126
-3.47246
-3.47208
-3.47274
-3.47254
-3.47194
-3.47179
-3.47196
-3.47132
-3.47122
-3.47026
-3.46929
-3.46896
-3.46746
-3.46641
-3.46638
-3.46737
-3.46782
-3.46945
-3.47001
-3.47148
-3.47204
-3.47223
-3.47161
-3.47147
-3.4709
-3.47084
-3.46899
-3.46845
-3.46845
-3.46956
-3.47006
-3.4694
-3.46763
-3.46649
-3.46697
-3.46691
-3.46662
-3.46598
-3.46629
-3.46634
-3.46578
-3.46513
-3.46582
-3.46582
-3.46654
-3.46773
-3.46949
-3.47028
-3.47131
-3.47086
-3.47075
-3.46994
-3.46896
-3.46759
-3.46775
-3.46695
-3.46755
-3.46727
-3.46827
-3.46997
-3.4713
-3.47219
-3.47247
-3.4726
-3.47314
-3.47313
-3.47285
-3.47312
-3.47194
-3.47096
-3.4712
-3.47052
-3.47126
-3.47114
-3.47229
-3.47326
-3.474
-3.47274
-3.4716
-3.47156
-3.46922
-3.46827
-3.4676
-3.46618
-3.46538
-3.46506
-3.46609
-3.46746
-3.46719
-3.46794
-3.46792
-3.46705
-3.46647
-3.46677
-3.46839
-3.47
-3.46991
-3.47206
-3.47199
-3.47149
-3.47299
-3.4726
-3.47309
-3.47165
-3.46988
-3.46793
-3.46762
-3.46755
-3.4662
-3.46691
-3.46665
-3.46677
-3.46769
-3.46805
-3.468
-3.46764
-3.46762
-3.4671
-3.46811
-3.46835
-3.46769
-3.46668
-3.46664
-3.4655
-3.46623
-3.46656
-3.46664
-3.46874
-3.46988
-3.47106
-3.47129
-3.47228
-3.4715
-3.47088
-3.47155
-3.47128
-3.46996
-3.46958
-3.46912
-3.46821
-3.46919
-3.46942
-3.46888
-3.46887
-3.47017
-3.47051
-3.47207
-3.47192
-3.4711
-3.47156
-3.47119
-3.47093
-3.46995
-3.46997
-3.46859
-3.46797
-3.46745
-3.46815
-3.46801
-3.46805
-3.46818
-3.46887
-3.4681
-3.46782
-3.46827
-3.4682
-3.46873
-3.47001
-3.47121
-3.47122
-3.4712
-3.47042
-3.46919
-3.46773
-3.4677
-3.46839
-3.46774
-3.46712
-3.46586
-3.46492
-3.465
-3.46465
-3.46488
-3.46594
-3.46505
-3.46515
-3.46569
-3.46546
-3.46571
-3.46529
-3.46463
-3.46471
-3.46441
-3.46464
-3.46355
-3.46353
-3.46453
-3.46558
-3.46566
-3.46686
-3.46828
-3.47013
-3.4716
-3.47239
-3.47308
-3.47337
-3.47233
-3.47212
-3.47202
-3.47137
-3.46949
-3.46891
-3.46881
-3.46956
-3.46992
-3.46966
-3.46932
-3.46858
-3.46876
-3.46888
-3.47033
-3.47022
-3.47109
-3.47096
-3.47177
-3.47192
-3.47207
-3.47138
-3.47024
-3.47043
-3.46974
-3.47041
-3.46999
-3.46917
-3.46816
-3.468
-3.46743
-3.46742
-3.468
-3.46777
-3.46689
-3.46663
-3.46697
-3.4663
-3.46708
-3.46749
-3.4674
-3.4668
-3.46708
-3.46833
-3.46867
-3.46937
-3.46953
-3.46986
-3.46985
-3.47124
-3.47057
-3.46978
-3.46927
-3.46874
-3.46936
-3.4698
-3.47002
-3.46993
-3.469
-3.46911
-3.46987
-3.47101
-3.47204
-3.47233
-3.47262
-3.47178
-3.46979
-3.46862
-3.46642
-3.46619
-3.46593
-3.46599
-3.46545
-3.46649
-3.46749
-3.46788
-3.46801
-3.46867
-3.46799
-3.4682
-3.46805
-3.46828
-3.4679
-3.46739
-3.46791
-3.46836
-3.46864
-3.46919
-3.46953
-3.46875
-3.4665
-3.46515
-3.46602
-3.466
-3.46493
-3.46503
-3.46457
-3.46469
-3.46491
-3.46594
-3.46633
-3.4662
-3.46706
-3.46809
-3.46918
-3.46948
-3.46883
-3.46844
-3.46831
-3.46745
-3.46751
-3.46646
-3.46591
-3.46714
-3.46822
-3.46921
-3.46754
-3.46798
-3.46797
-3.46796
-3.46842
-3.46969
-3.47015
-3.46999
-3.46859
-3.46803
-3.4667
-3.46651
-3.46563
-3.46588
-3.46729
-3.46792
-3.46876
-3.46927
-3.46897
-3.46923
-3.4691
-3.46808
-3.46816
-3.46957
-3.46962
-3.47066
-3.47232
-3.47411
-3.47434
-3.47377
-3.47357
-3.47301
-3.47169
-3.47108
-3.47013
-3.47017
-3.4692
-3.46904
-3.4681
-3.46887
-3.46929
-3.46775
-3.46707
-3.46793
-3.4665
-3.4667
-3.46656
-3.46585
-3.46557
-3.46568
-3.46555
-3.46527
-3.46593
-3.46681
-3.46744
-3.46874
-3.47053
-3.47171
-3.47302
-3.47281
-3.47219
-3.47152
-3.46982
-3.46967
-3.46996
-3.46932
-3.46913
-3.46891
-3.46877
-3.46955
-3.47175
-3.47342
-3.47413
-3.47462
-3.4742
-3.47265
-3.47251
-3.471
-3.47037
-3.46954
-3.46853
-3.46838
-3.46903
-3.46962
-3.46945
-3.47012
-3.47015
-3.47004
-3.47066
-3.47158
-3.47155
-3.47182
-3.47137
-3.47179
-3.47204
-3.47234
-3.47092
-3.47064
-3.47016
-3.46965
-3.47037
-3.46949
-3.46893
-3.46894
-3.46948
-3.46951
-3.47041
-3.46931
-3.46891
-3.46877
-3.46815
-3.46877
-3.46905
-3.4689
-3.46972
-3.47073
-3.47156
-3.47156
-3.47247
-3.47259
-3.47277
-3.47376
-3.47345
-3.47281
-3.47216
-3.47151
-3.47129
-3.47147
-3.47141
-3.47174
-3.47141
-3.47106
-3.46996
-3.46951
-3.47063
-3.47047
-3.47098
-3.47034
-3.47049
-3.47064
-3.46995
-3.47092
-3.47111
-3.47025
-3.47038
-3.47025
-3.46998
-3.4704
-3.47138
-3.47168
-3.47184
-3.47221
-3.47281
-3.47292
-3.47415
-3.47486
-3.47358
-3.47279
-3.47253
-3.47195
-3.4729
-3.47231
-3.47295
-3.47273
-3.47279
-3.47257
-3.47285
-3.47278
-3.47249
-3.47263
-3.47254
-3.47268
-3.47305
-3.47361
-3.47395
-3.47443
-3.47459
-3.47542
-3.47614
-3.47695
-3.47592
-3.47554
-3.47441
-3.47307
-3.47235
1.7601
1.76009
1.7601
1.7601
1.76009
1.76009
1.7601
1.7601
1.76009
1.7601
1.76009
1.7601
1.76009
1.76009
1.76008
1.76007
1.76007
1.76006
1.76006
1.76005
1.76006
1.76007
1.76006
1.76006
1.76006
1.76007
1.76008
1.76008
1.76007
1.76007
1.76008
1.76008
1.76009
1.76009
1.76008
1.76008
1.76007
1.76007
1.76007
1.76006
1.76006
1.76005
1.76005
1.76004
1.76004
1.76003
1.76003
1.76003
1.76002
1.76002
1.76001
1.76
1.76
1.75999
1.75999
1.75999
1.75998
1.75998
1.75998
1.75998
1.75998
1.75998
1.75998
1.75998
1.75998
1.75997
1.75997
1.75996
1.75995
1.75994
1.75994
1.75993
1.75992
1.75991
1.75988
1.75988
1.75987
1.75987
1.75986
1.75986
1.75984
1.75985
1.75983
1.75982
1.75981
1.7598
1.75979
1.75978
1.75978
1.75978
1.75979
1.75981
1.75983
1.75986
1.7599
1.75996
1.76002
1.76011
1.76017
1.76022
1.76022
1.76016
1.76003
1.75986
1.75967
1.75949
1.75938
1.75932
1.75933
1.75937
1.75943
1.75951
1.75961
1.7597
1.75982
1.75995
1.76008
1.76021
1.76031
1.76035
1.76034
1.76025
1.76008
1.75988
1.75967
1.75952
1.75944
1.75942
1.75946
1.75954
1.75962
1.75972
1.7598
1.75989
1.76001
1.76011
1.76023
1.76036
1.76047
1.76055
1.76058
1.76053
1.76041
1.76023
1.76
1.75977
1.75955
1.75938
1.75926
1.75919
1.75917
1.75918
1.75922
1.75927
1.75934
1.7594
1.75945
1.75951
1.75956
1.75961
1.75965
1.75969
1.75972
1.75975
1.75979
1.75982
1.75987
1.75994
1.76003
1.76014
1.7603
1.7605
1.76071
1.76088
1.76094
1.7608
1.76042
1.75989
1.75942
1.75913
1.75906
1.75917
1.75938
1.7596
1.75979
1.75996
1.76012
1.76026
1.76038
1.76051
1.76066
1.7608
1.76091
1.76091
1.76075
1.76039
1.75988
1.75934
1.75893
1.75875
1.7588
1.75902
1.75933
1.75967
1.75999
1.76025
1.76043
1.76052
1.76051
1.76041
1.76024
1.76004
1.75985
1.75969
1.75958
1.75953
1.75951
1.75954
1.75959
1.75965
1.7597
1.75976
1.75981
1.75984
1.75987
1.75986
1.75985
1.75984
1.75983
1.75983
1.75983
1.75984
1.75987
1.75991
1.75995
1.76001
1.76007
1.76012
1.76018
1.76027
1.76039
1.76055
1.76074
1.76093
1.76108
1.76111
1.76095
1.76062
1.76018
1.75979
1.75953
1.75943
1.75945
1.75948
1.7595
1.75951
1.75948
1.75946
1.75945
1.75947
1.75951
1.75956
1.75963
1.75969
1.75977
1.75983
1.75991
1.75998
1.76004
1.76011
1.76019
1.76026
1.76033
1.76038
1.76042
1.76042
1.76037
1.76028
1.76015
1.76001
1.75988
1.75978
1.75972
1.75969
1.7597
1.75972
1.75975
1.75978
1.75981
1.75985
1.75988
1.75991
1.75995
1.75998
1.75999
1.76
1.75998
1.75994
1.75989
1.75983
1.75979
1.75976
1.75976
1.75979
1.75985
1.75993
1.76001
1.76009
1.76016
1.76019
1.76019
1.76018
1.76013
1.76008
1.76003
1.75999
1.75996
1.75993
1.75992
1.7599
1.75986
1.7598
1.75974
1.75967
1.75963
1.75962
1.75964
1.75968
1.75974
1.75982
1.75991
1.76
1.76009
1.76016
1.76018
1.76017
1.76013
1.76004
1.75993
1.75982
1.75973
1.75971
1.75974
1.75982
1.75993
1.76007
1.76023
1.76039
1.76052
1.76063
1.76069
1.7607
1.76063
1.76047
1.76018
1.75984
1.75951
1.7593
1.75925
1.75936
1.7596
1.75991
1.76023
1.7605
1.76064
1.76065
1.7605
1.76021
1.75986
1.75953
1.75931
1.7592
1.75922
1.75931
1.75944
1.75957
1.75967
1.75975
1.75982
1.75989
1.75997
1.76007
1.76017
1.76028
1.7604
1.76051
1.76057
1.76059
1.76053
1.7604
1.76022
1.76003
1.75989
1.75981
1.75979
1.75982
1.75987
1.75991
1.75993
1.75991
1.75987
1.75983
1.7598
1.75976
1.75976
1.75976
1.75975
1.75974
1.75972
1.75969
1.75966
1.75964
1.75964
1.75966
1.7597
1.75975
1.75982
1.7599
1.75997
1.76005
1.76013
1.7602
1.76025
1.76029
1.76031
1.76029
1.76026
1.7602
1.76015
1.76011
1.76006
1.76002
1.75998
1.75995
1.75992
1.75989
1.75988
1.75989
1.75992
1.75996
1.76001
1.76008
1.76015
1.7602
1.76021
1.76017
1.7601
1.76003
1.75997
1.75994
1.75996
1.76001
1.76008
1.76016
1.7602
1.76022
1.76022
1.76021
1.76018
1.76016
1.76013
1.76011
1.76006
1.76
1.75994
1.75988
1.75982
1.75977
1.75976
1.75978
1.75983
1.7599
1.75997
1.76003
1.76007
1.76007
1.76005
1.75999
1.75992
1.75986
1.75984
1.75985
1.7599
1.75996
1.76005
1.76014
1.76023
1.7603
1.76034
1.76036
1.76035
1.76031
1.76025
1.7602
1.76017
1.76015
1.76017
1.76021
1.76026
1.76032
1.76034
1.76034
1.76027
1.76013
1.75997
1.75981
1.75968
1.75963
1.75965
1.75978
1.75999
1.76027
1.76056
1.76076
1.76078
1.76051
1.76002
1.75948
1.7591
1.759
1.75911
1.75932
1.75954
1.7597
1.7598
1.75983
1.7598
1.75974
1.75969
1.75965
1.75964
1.75966
1.75971
1.75978
1.75987
1.75997
1.76008
1.76019
1.7603
1.76038
1.76045
1.76048
1.76049
1.76046
1.76041
1.76036
1.76028
1.76022
1.76015
1.76007
1.76
1.75993
1.75983
1.75971
1.75958
1.75945
1.75936
1.75931
1.75932
1.75937
1.75946
1.75956
1.75966
1.75977
1.75987
1.75996
1.76004
1.76011
1.76015
1.76017
1.76017
1.76015
1.76011
1.76005
1.75997
1.75988
1.7598
1.75976
1.75974
1.75974
1.75974
1.75975
1.75974
1.75975
1.75975
1.75979
1.75985
1.75996
1.76007
1.76016
1.7602
1.76017
1.76006
1.75992
1.7598
1.75976
1.7598
1.75993
1.76009
1.76025
1.76035
1.76039
1.76035
1.76022
1.76004
1.75982
1.75961
1.75945
1.75936
1.75937
1.75951
1.75971
1.75993
1.76014
1.76026
1.76025
1.76011
1.75988
1.75967
1.75954
1.75952
1.75961
1.75975
1.75989
1.76002
1.76015
1.76025
1.76035
1.76045
1.76052
1.76058
1.76054
1.76038
1.76009
1.75971
1.75937
1.75915
1.75909
1.75917
1.75933
1.75954
1.75975
1.75994
1.76011
1.76022
1.76031
1.76036
1.76038
1.76038
1.76037
1.7603
1.76019
1.76003
1.75985
1.75969
1.75958
1.75955
1.75958
1.75966
1.75977
1.75986
1.75996
1.76003
1.76006
1.76009
1.7601
1.7601
1.76011
1.76013
1.76016
1.76018
1.7602
1.76022
1.76022
1.76025
1.76028
1.76031
1.76033
1.76033
1.7603
1.76021
1.76006
1.75988
1.75966
1.75951
1.75943
1.75946
1.75961
1.75985
1.76017
1.76045
1.76061
1.76054
1.76021
1.75974
1.75931
1.75909
1.7591
1.75925
1.75944
1.7596
1.75973
1.75982
1.7599
1.76001
1.76018
1.76039
1.76065
1.76092
1.76113
1.76119
1.76103
1.76064
1.76014
1.75973
1.75953
1.75954
1.75967
1.75978
1.7598
1.75973
1.7596
1.75945
1.75935
1.75933
1.75936
1.75946
1.75958
1.75969
1.7598
1.75991
1.75999
1.76007
1.76014
1.7602
1.76024
1.76027
1.76028
1.76027
1.76022
1.76014
1.76005
1.75998
1.75993
1.75995
1.76002
1.76013
1.76028
1.76044
1.76059
1.7607
1.76077
1.76078
1.76071
1.76057
1.76038
1.76015
1.75995
1.75979
1.75966
1.75956
1.75942
1.75925
1.75911
1.75903
1.75904
1.75914
1.75928
1.75944
1.75959
1.75973
1.75984
1.75991
1.75997
1.76002
1.76004
1.76006
1.76007
1.76008
1.76007
1.76008
1.76008
1.7601
1.7601
1.76012
1.76015
1.76018
1.76021
1.76022
1.76021
1.76017
1.7601
1.76002
1.75996
1.75991
1.7599
1.75994
1.76004
1.76016
1.7603
1.76042
1.76052
1.76056
1.76053
1.76039
1.76016
1.75989
1.7596
1.75938
1.75925
1.75922
1.75927
1.75938
1.75953
1.75969
1.75987
1.76004
1.76019
1.76032
1.7604
1.76042
1.76037
1.76025
1.76008
1.75992
1.75979
1.7597
1.75966
1.75966
1.75967
1.7597
1.75973
1.75977
1.75982
1.75989
1.75998
1.76006
1.76018
1.7603
1.7604
1.7605
1.76054
1.76051
1.76039
1.76018
1.75992
1.7597
1.75955
1.7595
1.75952
1.75961
1.75972
1.75983
1.75993
1.76001
1.76007
1.7601
1.76012
1.76011
1.76009
1.76005
1.76
1.75993
1.75987
1.7598
1.75974
1.7597
1.75966
1.75965
1.75964
1.75963
1.75965
1.75967
1.75969
1.75972
1.75975
1.75977
1.75979
1.75982
1.75986
1.75988
1.75992
1.75995
1.75999
1.76001
1.76003
1.76004
1.76004
1.76002
1.76
1.75995
1.7599
1.75983
1.75978
1.75974
1.75971
1.7597
1.75972
1.75975
1.75982
1.75991
1.76001
1.7601
1.76017
1.7602
1.76018
1.76009
1.75997
1.75981
1.75962
1.75944
1.75929
1.75919
1.75915
1.75915
1.7592
1.75928
1.75939
1.75955
1.75973
1.75995
1.76018
1.76041
1.76062
1.7608
1.76089
1.76089
1.7608
1.76059
1.76034
1.76004
1.75975
1.75949
1.75932
1.75924
1.75925
1.75936
1.75952
1.75971
1.7599
1.76007
1.7602
1.76028
1.76029
1.76023
1.76016
1.76011
1.7601
1.76013
1.76019
1.7602
1.76015
1.76003
1.75988
1.75976
1.75972
1.7598
1.76003
1.76037
1.76073
1.7609
1.76068
1.75999
1.75913
1.75853
1.75841
1.75868
1.75912
1.75957
1.75995
1.76023
1.76045
1.76061
1.76073
1.7608
1.76084
1.76084
1.7608
1.76069
1.76054
1.76032
1.76007
1.75984
1.75963
1.75948
1.75939
1.75936
1.75938
1.75942
1.75947
1.75952
1.75956
1.75959
1.75964
1.75969
1.75974
1.75981
1.7599
1.76004
1.76021
