3.28707
3.42255
3.60081
3.80653
4.02082
4.24096
4.46394
4.68882
4.91434
5.1226
5.29548
5.4214
5.51075
5.58259
5.64946
5.7233
5.80789
5.89863
5.97576
6.00504
5.96231
5.85597
5.73467
5.65491
5.64739
5.72353
5.85711
6.00777
6.12809
6.17163
6.10467
5.92755
5.67054
5.40207
5.18579
5.05576
5.02437
5.07629
5.18583
5.33547
5.48968
5.62974
5.73991
5.82034
5.88355
5.91703
5.91188
5.85368
5.76248
5.6768
5.62895
5.63853
5.68547
5.7459
5.7941
5.83634
5.87979
5.92492
5.96894
6.01263
6.06245
6.12012
6.16165
6.16758
6.13564
6.0839
6.03018
5.98287
5.92975
5.86329
5.79015
5.73045
5.69923
5.69571
5.68898
5.65542
5.58642
5.49241
5.37913
5.24385
5.087
4.92067
4.77868
4.68483
4.66123
4.7155
4.84382
5.0284
5.23589
5.41273
5.51074
5.50122
5.39896
5.23395
5.04262
4.85677
4.70254
4.60872
4.59493
4.66951
4.81778
5.0217
5.24127
5.44285
5.59348
5.67022
5.66684
5.59455
5.47266
5.32908
5.18613
5.0656
4.97569
4.92072
4.89045
4.88395
4.88939
4.90386
4.92456
4.95353
4.98696
5.02601
5.07204
5.12598
5.191
5.26608
5.34751
5.42439
5.49034
5.5428
5.57645
5.5861
5.54778
5.45056
5.31112
5.15651
5.02257
4.93902
4.91207
4.93994
5.01456
5.12084
5.22542
5.27695
5.23089
5.08965
4.89431
4.71126
4.59479
4.5696
4.65954
4.87074
5.18422
5.55938
5.92946
6.22096
6.37785
6.38814
6.28488
6.11782
5.91959
5.7322
5.59555
5.55106
5.61081
5.72829
5.82689
5.87187
5.87958
5.88742
5.89847
5.90137
5.87805
5.82406
5.74752
5.66992
5.61928
5.60532
5.63063
5.67727
5.72653
5.75867
5.76715
5.7521
5.71696
5.67719
5.64687
5.63864
5.66612
5.72864
5.81872
5.9295
6.03623
6.12987
6.2001
6.24329
6.2646
6.27035
6.26157
6.23746
6.1973
6.14019
6.09011
6.08044
6.1231
6.21132
6.32839
6.43407
6.50235
6.51542
6.46774
6.3668
6.24652
6.15129
6.12307
6.17967
6.31763
6.49669
6.65815
6.75612
6.7683
6.70659
6.60579
6.4933
6.38286
6.27294
6.16588
6.05517
5.94498
5.83947
5.74828
5.68998
5.67809
5.72069
5.81618
5.94629
6.08813
6.21549
6.30333
6.34629
6.34903
6.33542
6.31909
6.30764
6.28539
6.22114
6.07384
5.84551
5.59035
5.3803
5.24258
5.18508
5.19409
5.2363
5.2785
5.29874
5.29754
5.29437
5.31436
5.37405
5.46998
5.5883
5.69962
5.78679
5.84639
5.88457
5.90714
5.91099
5.89574
5.8574
5.8009
5.73945
5.67914
5.63602
5.62203
5.65257
5.73185
5.85509
6.00981
6.1727
6.30201
6.36675
6.36584
6.31564
6.25482
6.20169
6.15764
6.10074
6.00747
5.86499
5.675
5.46279
5.25106
5.06727
4.92325
4.82094
4.75553
4.71179
4.68594
4.67149
4.67419
4.69191
4.71901
4.7526
4.79427
4.84717
4.90352
4.95157
4.9804
4.98705
4.97038
4.92655
4.86967
4.81444
4.78382
4.79579
4.85188
4.94959
5.0755
5.20824
5.32332
5.3976
5.42424
5.40945
5.37481
5.33676
5.31671
5.33065
5.38027
5.46691
5.58112
5.70474
5.81845
5.90776
5.9601
5.97657
5.97141
5.95229
5.92928
5.90605
5.8838
5.84846
5.79778
5.72757
5.64037
5.54436
5.45659
5.39404
5.37498
5.40547
5.48931
5.61924
5.77295
5.92938
6.06047
6.13656
6.15309
6.1095
6.01631
5.8943
5.76016
5.62886
5.51393
5.42672
5.38912
5.4196
5.52677
5.70083
5.91476
6.13047
6.29863
6.38908
6.39781
6.34773
6.27452
6.20147
6.13856
6.09183
6.06646
6.06522
6.09185
6.15738
6.25643
6.38101
6.51091
6.61475
6.65601
6.59463
6.42424
6.18814
5.96275
5.80511
5.7462
5.78422
5.90536
6.0833
6.28056
6.45701
6.5779
6.63994
6.65046
6.63758
6.63151
6.6431
6.6635
6.67062
6.63635
6.53916
6.37551
6.17262
5.9598
5.78184
5.64788
5.55518
5.4917
5.44831
5.43567
5.45903
5.51945
5.609
5.72205
5.85822
6.01535
6.16898
6.28611
6.34549
6.37072
6.3889
6.41033
6.43404
6.44913
6.44854
6.41215
6.32542
6.18192
5.99547
5.80185
5.63263
5.51585
5.46178
5.47177
5.54376
5.65831
5.79561
5.92179
6.0129
6.04679
6.0121
5.89497
5.70204
5.45831
5.18542
4.91318
4.66258
4.45354
4.3044
4.22663
4.22463
4.28721
4.4047
4.5609
4.74306
4.94184
5.14885
5.35321
5.55078
5.74194
5.93462
6.1221
6.29219
6.43408
6.52558
6.56149
6.52473
6.39299
6.16825
5.8894
5.62469
5.433
5.34366
5.35573
5.44758
5.58697
5.73597
5.87056
5.95982
5.99173
5.96101
5.87207
5.75585
5.64946
5.58623
5.57854
5.60712
5.64076
5.6557
5.64653
5.62618
5.61954
5.64378
5.70597
5.80929
5.93087
6.06143
6.18503
6.27794
6.3289
6.32863
6.28398
6.2146
6.14211
6.07398
6.01289
5.95497
5.90234
5.84877
5.80667
5.7844
5.79305
5.83266
5.89659
5.95817
5.98515
5.95409
5.86293
5.75272
5.67934
5.68845
5.79839
5.99259
6.22475
6.42552
6.51645
6.46363
6.27743
6.01342
5.7348
5.49775
5.32692
5.21822
5.15925
5.13785
5.14249
5.1726
5.22586
5.30298
5.39156
5.47724
5.54554
5.58678
5.59697
5.57938
5.55108
5.52888
5.51509
5.50184
5.47447
5.42628
5.36719
5.3163
5.29026
5.30074
5.3449
5.4058
5.46716
5.51057
5.53386
5.53757
5.54632
5.58618
5.67159
5.81227
5.98782
6.17045
6.31767
6.4031
6.41015
6.34038
6.20443
6.03026
5.84626
5.66941
5.49713
5.33451
5.17217
5.03109
4.92882
4.88181
4.88789
4.92376
4.9446
4.91792
4.83927
4.74207
4.66928
4.64767
4.68287
4.76178
4.86966
4.98569
5.09728
5.19691
5.27305
5.31913
5.32874
5.31088
5.28482
5.27752
5.30456
5.3644
5.42791
5.47382
5.48424
5.46517
5.43834
5.42484
5.42736
5.44343
5.45249
5.45645
5.46101
5.46862
5.48428
5.51703
5.56316
5.62518
5.66414
5.64164
5.54808
5.40527
5.25498
5.12901
5.02857
4.95357
4.90395
4.87586
4.86435
4.86791
4.88853
4.93797
5.03251
5.17744
5.37643
5.60246
5.82582
6.00657
6.11705
6.15444
6.12789
6.06843
6.00212
5.96033
5.95391
5.98042
6.02703
6.07655
6.10689
6.13459
6.16826
6.21083
6.24614
6.24684
6.19588
6.08556
5.94388
5.81835
5.75151
5.78752
5.93228
6.13475
6.316
6.44
6.53545
6.61461
6.65951
6.63079
6.50068
6.28284
6.01261
5.72837
5.45276
5.20445
4.99131
4.82375
4.71807
4.67997
4.70884
4.79277
4.90613
5.0184
5.11614
5.18908
5.24166
5.27893
5.30706
5.32713
5.35638
5.39986
5.47224
5.57438
5.70057
5.84141
5.98096
6.10029
6.18974
6.24504
6.25848
6.22097
6.11931
5.95281
5.73231
5.48193
5.23579
5.0243
4.86473
4.76953
4.72775
4.72305
4.73548
4.75875
4.79101
4.84662
4.9336
5.05203
5.18662
5.30384
5.37712
5.39712
5.35923
5.26678
5.12976
4.97399
4.82413
4.70241
4.62729
4.61528
4.67309
4.79949
4.97142
5.15269
5.29226
5.36855
5.38789
5.36676
5.32638
5.28405
5.256
5.26324
5.30969
5.38832
5.47019
5.52484
5.54285
5.54196
5.53953
5.5586
5.60589
5.68188
5.77444
5.85687
5.91618
5.95737
5.9877
6.01669
6.04624
6.07389
6.10001
6.12659
6.14481
6.14247
6.10955
6.03531
5.92777
5.79861
5.6706
5.558
5.47992
5.43701
5.42737
5.4435
5.46873
5.49401
5.52265
5.56463
5.63161
5.72758
5.84771
5.98785
6.1317
6.25472
6.32477
6.31782
6.22571
6.06668
5.8678
5.65896
5.47366
5.32981
5.23701
5.19007
5.17938
5.19648
5.22707
5.26266
5.29492
5.32199
5.35163
5.39052
5.44656
5.52619
5.63079
5.75974
5.90256
6.03956
6.14803
6.20207
6.18912
6.11953
6.00483
5.86677
5.71413
5.55213
5.40288
5.28445
5.2143
5.19346
5.22037
5.27837
5.35553
5.43718
5.49724
5.51377
5.46418
5.35948
5.24015
5.1645
5.16858
5.26685
5.45744
5.7209
6.02468
6.31372
6.52977
6.62461
6.6092
6.51018
6.37009
6.22207
6.08312
5.97401
5.90486
5.87066
5.86356
5.87198
5.89228
5.92346
5.95448
5.97911
5.98075
5.94792
5.88457
5.81063
5.73097
5.6449
5.53917
5.40654
5.27397
5.16839
5.1042
5.06753
5.03016
4.97207
4.88259
4.77864
4.68622
4.6348
4.64746
4.73095
4.85664
4.9717
5.04437
5.08169
5.10854
5.14473
5.18969
5.23255
5.27317
5.30059
5.31503
5.31992
5.3199
5.31684
5.309
5.30962
5.32147
5.35481
5.41295
5.49258
5.59695
5.7217
5.85371
5.96841
6.03366
6.03672
5.9762
5.88832
5.81629
5.79339
5.83826
5.94525
6.10171
6.27952
6.45618
6.6119
6.72325
6.77988
6.78345
6.7452
6.68875
6.63365
6.59142
6.56216
6.52791
6.47416
6.38144
6.24025
6.05393
5.83655
5.60633
5.3792
5.17742
5.01199
4.8869
4.80959
4.79073
4.82952
4.92219
5.06049
5.22989
5.40481
5.56834
5.70055
5.7906
5.83791
5.85102
5.84091
5.81608
5.78681
5.76891
5.77935
5.83617
5.9435
6.08466
6.23112
6.33646
6.36245
6.30498
6.19144
6.06294
5.95179
5.89103
5.89413
5.9691
6.11529
6.3072
6.49443
6.59053
6.53061
6.303
5.96828
5.61529
5.30635
5.07924
4.9435
4.89585
4.92649
5.01208
5.13858
5.2843
5.42471
5.52494
5.57463
5.58186
5.59078
5.62722
5.70834
5.8129
5.89205
5.90686
5.8419
5.73279
5.63311
5.57858
5.58404
5.62865
5.66184
5.62403
5.4935
5.2928
5.07105
40.0257
38.0217
35.6402
33.5596
32.0997
31.2731
30.9412
30.9611
31.2078
31.6102
32.0959
32.5511
32.7934
32.7207
32.3429
31.7707
31.1726
30.6859
30.3759
30.2084
30.1102
30.0417
30.0094
30.0581
30.2111
30.4262
30.5736
30.5149
30.2569
29.9364
29.676
29.5392
29.5142
29.583
29.7199
29.9159
30.1515
30.4281
30.7049
30.913
30.9379
30.7547
30.4618
30.2055
30.1031
30.1707
30.3666
30.5597
30.6793
30.7168
30.6789
30.5727
30.4639
30.4294
30.4787
30.5928
30.7539
30.9261
31.0657
31.1394
31.1401
31.0661
30.8888
30.669
30.5585
30.6532
30.8697
31.0177
31.021
30.9526
30.9489
31.0244
31.0622
30.9319
30.6725
30.4313
30.2675
30.1967
30.2222
30.3381
30.5282
30.7701
30.9999
31.1712
31.2367
31.1541
30.9417
30.6848
30.5583
30.6392
30.8727
31.0722
31.095
30.9316
30.7035
30.4878
30.2992
30.1168
29.9188
29.7062
29.5058
29.3753
29.3699
29.5157
29.8014
30.223
30.7292
31.2289
31.5557
31.581
31.353
31.0402
30.7857
30.5907
30.4383
30.3207
30.2879
30.3495
30.4644
30.5772
30.6954
30.8085
30.8865
30.9255
30.8372
30.581
30.2213
29.8633
29.5048
29.1062
28.7444
28.5851
28.6255
28.7553
28.8955
29.0743
29.3074
29.6185
30.0108
30.4735
30.9349
31.2399
31.2943
31.0838
30.7011
30.285
29.875
29.5361
29.3756
29.4782
29.8252
30.2555
30.5833
30.6759
30.5299
30.2656
30.0139
29.9318
30.1336
30.6706
31.416
32.111
32.4996
32.4379
32.0192
31.4528
30.9453
30.6085
30.5103
30.6302
30.8735
31.118
31.2839
31.3472
31.3331
31.2242
30.9828
30.6593
30.3448
30.1005
29.8568
29.5413
29.1762
28.8642
28.6922
28.6833
28.8762
29.2905
29.8718
30.5271
31.1351
31.6233
31.9788
32.1934
32.2388
32.0946
31.8166
31.4795
31.1384
30.7887
30.4301
30.1468
30.0121
30.0649
30.3022
30.648
31.0091
31.3007
31.4845
31.5498
31.4714
31.2521
30.9695
30.6857
30.4478
30.2392
30.0305
29.8693
29.8104
29.8484
29.982
30.2263
30.4874
30.6282
30.6235
30.6201
30.6774
30.7444
30.7357
30.615
30.3445
29.9244
29.4598
29.1546
29.1746
29.548
30.1219
30.6671
31.0598
31.2736
31.3381
31.2822
31.1612
31.0007
30.827
30.6971
30.6373
30.6177
30.5911
30.5152
30.4191
30.3604
30.3523
30.3716
30.3731
30.325
30.2592
30.2093
30.2078
30.2112
30.256
30.409
30.6785
30.9765
31.2351
31.4384
31.5851
31.6186
31.4988
31.2906
31.118
30.9582
30.7671
30.542
30.3166
30.172
30.1567
30.2413
30.283
30.2194
30.1747
30.2428
30.3737
30.4532
30.4636
30.4465
30.4263
30.3588
30.2341
30.0773
29.907
29.7687
29.7002
29.7128
29.8025
29.9714
30.2263
30.5412
30.8959
31.232
31.4385
31.4022
31.1476
30.8167
30.5279
30.3104
30.1196
29.9344
29.7701
29.6666
29.6658
29.8208
30.104
30.3934
30.5296
30.4771
30.3675
30.2997
30.2729
30.2601
30.2672
30.3067
30.3677
30.4122
30.4038
30.3054
30.1167
29.9361
29.8124
29.7221
29.62
29.5363
29.5169
29.5819
29.6901
29.828
29.9877
30.2096
30.5449
30.9633
31.3393
31.5486
31.5226
31.3339
31.1513
31.1231
31.2299
31.3593
31.4318
31.4295
31.3112
31.0327
30.6335
30.2105
29.857
29.6452
29.5935
29.6562
29.7653
29.8337
29.8023
29.6719
29.5845
29.684
29.9371
30.2419
30.5071
30.6623
30.6567
30.4752
30.1602
29.8437
29.7195
29.9318
30.4552
31.045
31.434
31.502
31.3268
31.0442
30.7839
30.5836
30.3881
30.1511
29.8907
29.6843
29.5927
29.5929
29.6166
29.5975
29.5349
29.4661
29.4564
29.5116
29.586
29.7131
29.9852
30.4026
30.8441
31.1463
31.2571
31.1869
30.9937
30.784
30.6361
30.5606
30.5435
30.5578
30.5582
30.4941
30.3189
30.0584
29.7958
29.6341
29.6754
29.9768
30.466
30.9529
31.27
31.345
31.2627
31.1247
30.9594
30.7511
30.559
30.4634
30.4284
30.3897
30.2716
30.0602
29.8242
29.6504
29.6083
29.735
29.9815
30.2539
30.4458
30.5541
30.6621
30.8186
31.021
31.2203
31.3765
31.4644
31.4869
31.3727
31.0792
30.6628
30.2555
29.9817
29.8696
29.884
30.0094
30.2132
30.3975
30.515
30.5704
30.6033
30.6367
30.6727
30.6455
30.5292
30.3505
30.149
29.9383
29.7403
29.6477
29.7192
29.8735
29.9358
29.8471
29.7357
29.6949
29.7435
29.9253
30.1838
30.3418
30.3193
30.272
30.3564
30.5805
30.8766
31.1359
31.2729
31.1883
30.8637
30.3952
29.9356
29.6525
29.6296
29.8073
30
29.982
29.6724
29.248
28.9396
28.8896
29.0925
29.3989
29.6246
29.7017
29.634
29.4958
29.3797
29.3589
29.4601
29.7052
30.0732
30.4522
30.699
30.7184
30.5144
30.1455
29.6816
29.2344
28.9821
29.0307
29.3593
29.8494
30.3787
30.8018
30.9892
30.863
30.4873
30.0837
29.8381
29.8531
30.0973
30.3916
30.5693
30.5737
30.546
30.6016
30.688
30.7121
30.6785
30.5577
30.3728
30.1597
29.9884
29.9351
30.0623
30.3728
30.7709
31.1593
31.5414
31.883
31.9777
31.6277
30.9684
30.3054
29.8799
29.7963
30.0651
30.6374
31.3498
31.9508
32.193
31.9898
31.4314
30.746
30.1114
29.5893
29.1532
28.8228
28.6709
28.7853
29.1776
29.6975
30.1139
30.3157
30.3309
30.235
30.1142
30.0251
29.9815
29.8791
29.5977
29.2447
29.0515
29.1065
29.2499
29.3581
29.5359
29.8114
30.0726
30.2518
30.3648
30.4149
30.4467
30.4247
30.263
29.958
29.675
29.6242
29.891
30.4618
31.1904
31.7847
31.958
31.6221
30.9396
30.1242
29.4001
28.8888
28.6165
28.5239
28.5661
28.7291
29.0274
29.4221
29.8673
30.3274
30.7533
31.0657
31.189
31.037
30.7745
30.5378
30.3398
30.2403
30.3496
30.6498
30.9585
31.1262
31.1785
31.2105
31.2861
31.3861
31.4411
31.4382
31.4074
31.3974
31.4609
31.6282
31.9038
32.1843
32.2428
31.9165
31.2979
30.6283
30.0958
29.7093
29.4318
29.2651
29.2301
29.3608
29.6293
29.9409
30.1812
30.293
30.3228
30.3376
30.427
30.5854
30.7257
30.6821
30.3859
29.9572
29.5381
29.2085
29.0702
29.1953
29.5209
29.8626
30.0632
30.1035
30.0677
30.0597
30.1075
30.1543
30.1203
29.9622
29.7463
29.5935
29.6139
29.7803
29.9681
30.0762
30.1433
30.2845
30.5222
30.74
30.8528
30.8538
30.8067
30.7481
30.6647
30.6224
30.7021
30.9313
31.1666
31.2404
31.1492
31.0607
31.06
31.0719
30.9326
30.572
30.0261
29.5211
29.28
29.3506
29.5351
29.6228
29.6507
29.7794
30.0688
30.3406
30.3989
30.2783
30.1248
30.0327
30.0237
30.0021
29.8862
29.6734
29.4541
29.3402
29.4073
29.6405
29.8935
30.0111
29.9166
29.6423
29.2713
28.9668
28.8288
28.8558
28.9438
28.9913
28.9295
28.8122
28.7436
28.8107
29.0357
29.3663
29.7184
30.0612
30.4065
30.7634
31.1255
31.4221
31.4781
31.1593
30.5249
29.79
29.2372
29.0251
29.0947
29.2334
29.3547
29.5417
29.8842
30.356
30.8573
31.3144
31.6603
31.872
31.9518
31.8798
31.6739
31.4031
31.1594
31.0002
30.9207
30.8875
30.8896
30.8933
30.8973
30.8911
30.8125
30.567
30.093
29.5051
28.9716
28.6407
28.6578
29.0313
29.6069
30.1677
30.6274
30.9391
31.0088
30.8759
30.7113
30.6854
30.8662
31.1652
31.425
31.5261
31.4042
31.0747
30.6641
30.2987
30.0395
29.8541
29.7238
29.6205
29.5138
29.3985
29.331
29.379
29.5191
29.6745
29.7802
29.8353
29.8561
29.8436
29.8395
29.9128
30.1204
30.4644
30.829
31.0343
30.9941
30.7495
30.4092
30.0407
29.755
29.647
29.7111
29.8227
29.8536
29.7683
29.6439
29.5834
29.7112
30.0765
30.6203
31.1295
31.374
31.2701
30.9644
30.6703
30.557
30.6489
30.8488
31.0738
31.267
31.4674
31.6692
31.8544
31.9424
31.8714
31.6056
31.1943
30.7588
30.4212
30.2607
30.2964
30.443
30.5589
30.5317
30.41
30.3366
30.3824
30.473
30.4717
30.264
29.8861
29.4827
29.2462
29.2516
29.4752
29.8133
30.1778
30.5072
30.7949
30.9765
31.0015
30.8926
30.7129
30.5306
30.4078
30.3077
30.1284
29.8191
29.4475
29.1143
28.9445
29.0166
29.3583
29.8732
30.3847
30.8188
31.1934
31.5308
31.8021
31.9326
31.8701
31.579
31.0904
30.5062
29.9574
29.52
29.1528
28.818
28.5745
28.5257
28.6296
28.7423
28.7788
28.8484
29.0704
29.3971
29.6493
29.7229
29.6139
29.394
29.2066
29.2108
29.4449
29.8437
30.3072
30.7861
31.1998
31.4309
31.3678
30.9759
30.3513
29.6435
29.0447
28.7011
28.6152
28.6097
28.5147
28.327
28.1113
27.9672
28.0137
28.3261
28.8823
29.509
29.971
30.1619
30.1794
30.1488
30.1278
30.0867
30.0577
30.1039
30.2962
30.5724
30.7918
30.8565
30.8221
30.7525
30.6783
30.6074
30.5133
30.3757
30.168
29.8623
29.509
29.2354
29.1132
29.1142
29.1171
29.0144
28.8792
28.8741
29.1255
29.6646
30.3633
31.0289
31.4543
31.4696
31.068
30.4485
29.8923
29.5918
29.5575
29.6797
29.7994
29.8038
29.6852
29.4751
29.2501
29.0786
29.0088
29.0221
29.0784
29.1299
29.1921
29.3247
29.5834
29.8791
30.0183
29.9434
29.7926
29.7814
30.0287
30.4963
31.0054
31.3476
31.4272
31.2736
31.0267
30.8648
2.28196
2.30606
2.32175
2.32216
2.31591
2.30102
2.29126
2.29821
2.31964
2.35699
2.40225
2.44521
2.4809
2.50816
2.53085
2.55748
2.59442
2.64224
2.7088
2.78778
2.87119
2.94213
2.98619
2.99187
2.97595
2.95208
2.94265
2.95701
2.99566
3.04276
3.08136
3.09631
3.07726
3.02481
2.94242
2.83788
2.72145
2.60634
2.50853
2.43892
2.39696
2.37705
2.37403
2.37522
2.37826
2.38158
2.38848
2.40501
2.43431
2.48002
2.53779
2.60164
2.64636
2.65917
2.63625
2.58828
2.53287
2.4918
2.47591
2.48279
2.51013
2.54425
2.57937
2.6088
2.63236
2.64985
2.66012
2.66288
2.65183
2.62916
2.59122
2.53608
2.45636
2.35301
2.22355
2.08121
1.93669
1.81465
1.72182
1.66495
1.64983
1.67034
1.73423
1.83734
1.96955
2.12206
2.28153
2.43542
2.57288
2.68657
2.77829
2.84209
2.88246
2.90222
2.90518
2.89371
2.87262
2.83648
2.79341
2.74273
2.69476
2.65678
2.63429
2.62603
2.62571
2.61976
2.6012
2.56935
2.52788
2.48653
2.44694
2.40739
2.36525
2.32111
2.28145
2.2576
2.26013
2.29897
2.38002
2.49559
2.62924
2.75405
2.84781
2.89009
2.88914
2.85364
2.78976
2.71138
2.6245
2.53422
2.44731
2.36677
2.30006
2.24792
2.2166
2.21304
2.24084
2.29344
2.36004
2.416
2.43704
2.42219
2.38575
2.35271
2.34103
2.35358
2.38576
2.42922
2.47226
2.50935
2.53658
2.54858
2.55391
2.55592
2.56161
2.57816
2.60794
2.6412
2.67344
2.69304
2.6932
2.67253
2.63374
2.59254
2.56364
2.5541
2.57186
2.61921
2.69027
2.77763
2.86929
2.95733
3.028
3.06513
3.0656
3.03087
2.96016
2.86775
2.76428
2.66405
2.57377
2.50254
2.4526
2.42532
2.41948
2.43449
2.4635
2.50907
2.56831
2.63254
2.69597
2.74739
2.77898
2.78615
2.77751
2.76849
2.76783
2.7856
2.81799
2.85896
2.90314
2.93931
2.96774
2.98425
2.99184
2.99072
2.97553
2.95121
2.91148
2.85348
2.77876
2.69303
2.60598
2.52964
2.4638
2.41359
2.36893
2.32533
2.27424
2.21911
2.16358
2.11826
2.07974
2.04869
2.02801
2.01565
2.01374
2.01815
2.02823
2.04808
2.08184
2.12883
2.19055
2.26425
2.34045
2.4093
2.45891
2.48685
2.49903
2.50238
2.50712
2.52067
2.5566
2.62077
2.7177
2.84398
2.98325
3.1198
3.2288
3.29357
3.30428
3.26985
3.20296
3.12128
3.03535
2.95493
2.88138
2.81032
2.74116
2.67209
2.5979
2.5265
2.45725
2.38997
2.32814
2.26805
2.20733
2.14586
2.0876
2.03395
1.9889
1.95995
1.94294
1.94042
1.94613
1.95812
1.9753
1.99977
2.03494
2.08348
2.1513
2.23367
2.32915
2.43489
2.5467
2.66594
2.78246
2.88649
2.96212
2.99664
2.98882
2.94746
2.88562
2.81671
2.7538
2.70576
2.67161
2.64876
2.63324
2.61408
2.58656
2.55037
2.50804
2.47344
2.45118
2.45296
2.4764
2.51318
2.55335
2.58297
2.59874
2.60375
2.60589
2.61685
2.63999
2.67156
2.70014
2.71808
2.71776
2.69991
2.67691
2.665
2.67591
2.71563
2.78415
2.86947
2.96217
3.05562
3.14201
3.22159
3.29305
3.3517
3.38656
3.39238
3.35828
3.2871
3.18093
3.04173
2.88235
2.71509
2.55627
2.42693
2.3446
2.31628
2.34394
2.40045
2.44798
2.45594
2.42658
2.38704
2.36085
2.34965
2.35026
2.35069
2.34841
2.34288
2.33635
2.32616
2.31224
2.29713
2.28008
2.25914
2.23584
2.20708
2.17984
2.16104
2.15936
2.17645
2.21958
2.28625
2.36992
2.45827
2.53841
2.59732
2.62977
2.63373
2.61047
2.56975
2.52011
2.46954
2.42469
2.39101
2.37624
2.38372
2.40929
2.4446
2.48112
2.50549
2.51638
2.51621
2.51146
2.51411
2.53113
2.56913
2.62831
2.71524
2.81799
2.92837
3.03568
3.12797
3.18956
3.20645
3.17712
3.10272
3.00052
2.89125
2.79356
2.71371
2.66041
2.63972
2.65223
2.70009
2.77622
2.86753
2.95948
3.03153
3.07128
3.06801
3.02262
2.94836
2.85452
2.75663
2.67031
2.6055
2.56832
2.5582
2.57448
2.60607
2.63977
2.65344
2.62998
2.56459
2.46635
2.34944
2.23651
2.13983
2.07194
2.03761
2.03602
2.06612
2.12561
2.21827
2.34336
2.49859
2.6809
2.87905
3.07487
3.25115
3.38275
3.45807
3.4672
3.42231
3.33704
3.23224
3.12695
3.02922
2.9553
2.90518
2.87846
2.8655
2.85642
2.84041
2.80629
2.75228
2.68406
2.60997
2.54548
2.50043
2.4823
2.49682
2.53444
2.585
2.63436
2.67032
2.68467
2.67571
2.64609
2.5995
2.5432
2.4883
2.43906
2.40564
2.38565
2.37845
2.37649
2.38605
2.41008
2.44972
2.50536
2.57368
2.64656
2.71854
2.78052
2.82605
2.85639
2.86499
2.85819
2.84223
2.82618
2.82175
2.84027
2.88397
2.9557
3.04965
3.15755
3.27497
3.39154
3.50053
3.59675
3.67644
3.72648
3.74053
3.70634
3.62767
3.51704
3.39855
3.29087
3.20707
3.14711
3.11145
3.08658
3.06506
3.0373
3.00047
2.95256
2.89391
2.82483
2.74993
2.68218
2.63059
2.60412
2.60601
2.63975
2.70197
2.7837
2.87152
2.95613
3.0186
3.04451
3.02781
2.97971
2.9155
2.85733
2.81521
2.79889
2.81019
2.84881
2.90652
2.97965
3.05134
3.11261
3.14769
3.15119
3.12439
3.07115
2.99764
2.9094
2.81258
2.71819
2.63596
2.57351
2.5403
2.53364
2.54693
2.57513
2.60071
2.61432
2.60092
2.55991
2.49681
2.42696
2.35972
2.30519
2.27931
2.28086
2.31457
2.3797
2.46374
2.55077
2.62067
2.66249
2.67855
2.67239
2.65954
2.64747
2.63306
2.60755
2.5603
2.48698
2.38985
2.26625
2.13467
2.00297
1.87762
1.77661
1.70303
1.66877
1.67351
1.71486
1.78103
1.86139
1.94356
2.00802
2.05389
2.07766
2.08152
2.07206
2.05273
2.02837
2.00605
1.99916
2.01555
2.068
2.15935
2.28553
2.43692
2.60755
2.77865
2.93754
3.0611
3.12228
3.11875
3.06168
2.97772
2.88564
2.80504
2.74059
2.69485
2.67449
2.67999
2.70595
2.75125
2.81116
2.87249
2.92931
2.96945
2.98002
2.95336
2.89329
2.79966
2.68549
2.55749
2.42147
2.29163
2.17518
2.08055
2.00857
1.96629
1.95003
1.95921
1.9863
2.02747
2.07259
2.11628
2.15616
2.19858
2.24329
2.29198
2.34575
2.39758
2.44139
2.47457
2.49794
2.5097
2.51201
2.50452
2.48875
2.46808
2.45517
2.46611
2.50574
2.57522
2.66415
2.75692
2.84178
2.90771
2.953
2.98694
3.00732
3.01634
3.01669
3.00853
3.00081
3.00158
3.01687
3.05319
3.10839
3.18074
3.25511
3.31738
3.3543
3.35614
3.3131
3.22769
3.10487
2.95436
2.78628
2.60964
2.43574
2.27745
2.14101
2.0367
1.97207
1.95108
1.96725
2.01678
2.09043
2.18132
2.28241
2.38803
2.49547
2.59704
2.68601
2.74937
2.78549
2.78902
2.77045
2.73589
2.69809
2.66292
2.63666
2.62032
2.60846
2.59997
2.5841
2.5637
2.5432
2.53366
2.54342
2.57786
2.62865
2.68496
2.74209
2.79828
2.85102
2.89655
2.93106
2.94397
2.93859
2.92037
2.89752
2.87527
2.85907
2.85499
2.85999
2.87395
2.89407
2.92186
2.95654
3.00854
3.07481
3.14816
3.21496
3.2592
3.28186
3.29331
3.30322
3.31066
3.29918
3.25484
3.17091
3.05298
2.91659
2.77833
2.65687
2.5643
2.50345
2.47919
2.48149
2.5057
2.53935
2.57185
2.58838
2.58569
2.56296
2.52204
2.468
2.41494
2.37031
2.34708
2.34926
2.37735
2.42149
2.46487
2.49436
2.50067
2.48399
2.45577
2.43183
2.42477
2.43759
2.47139
2.53233
2.6168
2.71163
2.80777
2.89008
2.95157
2.9906
3.01521
3.02984
3.03111
3.01606
2.98149
2.93235
2.87999
2.83605
2.81107
2.81039
2.82692
2.85653
2.88702
2.90934
2.92478
2.9343
2.94572
2.95111
2.95299
2.94211
2.90631
2.83874
2.74938
2.65764
2.58925
2.55932
2.57817
2.63435
2.71115
2.77887
2.81623
2.81969
2.79514
2.75986
2.7302
2.71367
2.71752
2.74397
2.78484
2.82776
2.85842
2.8505
2.79158
2.68623
2.55718
2.4284
2.31783
2.23553
2.18069
2.14567
2.13134
2.13681
2.16552
2.20751
2.25565
2.29505
2.32344
2.34156
2.34469
2.33506
2.32649
2.31919
2.32541
2.35254
2.40232
2.47414
2.56374
2.66125
2.75205
2.82382
2.86347
2.85789
2.80524
2.71924
2.61962
2.531
2.46527
2.42792
2.42186
2.44091
2.48634
2.56076
2.66071
2.783
2.9163
3.03868
3.12344
3.15413
3.12882
3.06382
2.98877
2.92944
2.89624
2.90034
2.93532
2.99617
3.07253
3.1515
3.22412
3.28603
3.33615
3.37175
3.39734
3.41178
3.41034
3.38862
3.34431
3.27328
3.18048
3.06933
2.94955
2.82693
2.7091
2.59345
2.4858
2.38822
2.29876
2.2218
2.15226
2.09011
2.03752
1.99895
1.97341
1.96793
1.9785
2.00759
2.0576
2.12433
2.20752
2.3011
2.3942
2.4803
2.55371
2.61175
2.64918
2.66991
2.67484
2.66648
2.65285
2.63469
2.6125
2.58668
2.5571
2.52548
2.49564
2.46905
2.44986
2.43781
2.43421
2.43515
2.43671
2.44193
2.44426
2.4451
2.43903
2.42748
2.41429
2.39943
2.39443
2.40623
2.43459
2.48186
2.54322
2.60883
2.66886
2.71575
2.74032
2.73741
2.70724
2.65628
2.58971
2.52001
2.4581
2.40503
2.36477
2.34138
2.33133
2.33809
2.35054
2.36585
2.37562
2.3781
2.3735
2.36937
2.37349
2.39215
2.43112
2.48889
2.55906
2.63014
2.68871
2.72066
2.71856
2.67974
2.61296
2.53037
2.44992
2.37874
2.32814
2.30159
2.29841
0.0103529
0.0103207
0.0103001
0.0102389
0.0101468
0.0100523
0.00994578
0.00982243
0.00967268
0.00951545
0.00933127
0.0091438
0.00891029
0.00868274
0.00841339
0.00814003
0.00784822
0.00752334
0.00719365
0.00684936
0.00650442
0.00613475
0.00572096
0.00528612
0.00483917
0.00439881
0.00392645
0.00341214
0.00286971
0.002313
0.00174618
0.0011402
0.000518188
-0.000148921
-0.000842974
-0.00156468
-0.00231944
-0.00309851
-0.00390293
-0.00475238
-0.00561926
-0.00652829
-0.007452
-0.00842921
-0.00944698
-0.0104873
-0.0115701
-0.0126825
-0.0138447
-0.0150435
-0.0163039
-0.0176037
-0.0189297
-0.0203167
-0.0217374
-0.0232124
-0.0247526
-0.0263265
-0.0279496
-0.0296326
-0.0313726
-0.0331664
-0.0350201
-0.0369398
-0.0389223
-0.0409784
-0.0430948
-0.0452728
-0.0475368
-0.0498684
-0.0522485
-0.0547052
-0.0572232
-0.0598243
-0.0625012
-0.0652022
-0.0679594
-0.0707409
-0.0735693
-0.0764111
-0.0792712
-0.0820726
-0.0848446
-0.087522
-0.0900361
-0.092331
-0.0943212
-0.0958713
-0.0968372
-0.0970386
-0.0962261
-0.0941056
-0.0903076
-0.0844337
-0.0759567
-0.0643783
-0.0492884
-0.0304482
-0.0081032
0.0168656
0.0426804
0.066666
0.0857175
0.0970656
0.0991925
0.0923993
0.0786671
0.0608129
0.0416982
0.0236
0.00812977
-0.00366432
-0.0109998
-0.0132648
-0.00983747
-0.000215849
0.0159039
0.0383412
0.0662035
0.0975896
0.129656
0.158736
0.181139
0.194188
0.197004
0.190817
0.178436
0.163272
0.148403
0.13605
0.127357
0.122877
0.122678
0.126951
0.135981
0.150141
0.169886
0.195322
0.225866
0.260115
0.295668
0.329293
0.357415
0.376639
0.384429
0.379572
0.36228
0.33409
0.297308
0.254554
0.208308
0.160677
0.113338
0.0675165
0.024055
-0.0165319
-0.0539304
-0.0879891
-0.118701
-0.146057
-0.170129
-0.190892
-0.208396
-0.222534
-0.233167
-0.24003
-0.242664
-0.240413
-0.232334
-0.217227
-0.193607
-0.160073
-0.115915
-0.0620795
-0.00258878
0.0545925
0.0991327
0.122476
0.12268
0.105441
0.0807014
0.057697
0.0422283
0.0366507
0.041166
0.0549748
0.0769592
0.106107
0.141743
0.183538
0.231447
0.2851
0.343158
0.401977
0.455021
0.493473
0.508959
0.497537
0.462147
0.411541
0.356616
0.306954
0.268872
0.245343
0.236575
0.240759
0.254678
0.27418
0.294633
0.31153
0.321085
0.320931
0.310332
0.290202
0.262579
0.230028
0.194997
0.159571
0.125272
0.0930578
0.0634522
0.0366431
0.012481
-0.00944559
-0.0297013
-0.0489463
-0.0676883
-0.0861839
-0.1044
-0.121952
-0.138274
-0.152701
-0.164593
-0.173512
-0.17913
-0.181229
-0.179652
-0.174097
-0.164068
-0.148773
-0.127163
-0.0979818
-0.0600911
-0.0131559
0.0414355
0.0994788
0.15361
0.194961
0.216647
0.217256
0.201129
0.175328
0.145889
0.115956
0.0861957
0.0559802
0.0245719
-0.00811825
-0.0415219
-0.0746277
-0.106286
-0.135469
-0.161387
-0.183547
-0.201624
-0.215518
-0.225145
-0.230477
-0.231499
-0.228127
-0.220315
-0.208094
-0.191684
-0.171586
-0.148777
-0.12483
-0.101791
-0.0819119
-0.067219
-0.0589098
-0.0570478
-0.0606198
-0.0679554
-0.0772428
-0.086981
-0.0961742
-0.10421
-0.110825
-0.115876
-0.11925
-0.120856
-0.120545
-0.118289
-0.11425
-0.108856
-0.102811
-0.0970885
-0.0926476
-0.0902795
-0.0903383
-0.0925518
-0.0961006
-0.0997588
-0.102097
-0.101846
-0.0980724
-0.0903399
-0.0787309
-0.0639263
-0.0470698
-0.0295027
-0.0126575
0.002232
0.0143969
0.0236018
0.0300343
0.0342568
0.0367923
0.0379776
0.0376787
0.035398
0.0304716
0.022431
0.0112704
-0.00242597
-0.0175455
-0.0327029
-0.0464501
-0.057471
-0.0647772
-0.0676931
-0.0659767
-0.0598194
-0.0499537
-0.0376414
-0.0245855
-0.012746
-0.00404321
0.0002474
-0.000222274
-0.00471597
-0.0114279
-0.0180499
-0.0221276
-0.0214342
-0.0143353
5.69487e-05
0.0218856
0.0505037
0.0847276
0.122678
0.161799
0.198499
0.228193
0.245775
0.247392
0.23221
0.203558
0.168101
0.133699
0.107228
0.0931665
0.0931199
0.10586
0.127505
0.152091
0.17241
0.18164
0.175256
0.152427
0.116234
0.072187
0.0262933
-0.0167477
-0.0542634
-0.0853396
-0.110253
-0.12962
-0.143997
-0.153631
-0.158385
-0.157812
-0.151434
-0.138754
-0.119683
-0.0946986
-0.0651803
-0.0334766
-0.00289373
0.0229743
0.0412149
0.0505228
0.0516841
0.0470577
0.0396361
0.0319427
0.0254283
0.0203767
0.0160886
0.0114296
0.00535131
-0.00274879
-0.0128495
-0.024538
-0.0371264
-0.0501884
-0.0635505
-0.0773674
-0.0919333
-0.107444
-0.123833
-0.14065
-0.15708
-0.172169
-0.184943
-0.19455
-0.200313
-0.201766
-0.198732
-0.191157
-0.17926
-0.163453
-0.144412
-0.12305
-0.100495
-0.0780131
-0.0567695
-0.0377118
-0.0214114
-0.00808293
0.00230709
0.0100104
0.0152046
0.0180812
0.0188093
0.0175695
0.0148649
0.0113204
0.00780271
0.00530345
0.00473556
0.00676397
0.0114803
0.0182664
0.0258362
0.0324255
0.036365
0.0366845
0.0335691
0.02835
0.0229884
0.0193732
0.0187314
0.0213056
0.0264155
0.0329246
0.0395504
0.0452664
0.0494864
0.0520962
0.0530564
0.0523202
0.0495577
0.0442764
0.0359434
0.0241982
0.00914141
-0.00860093
-0.0278583
-0.0471771
-0.0651489
-0.0805845
-0.0927906
-0.101729
-0.108061
-0.112987
-0.117956
-0.124289
-0.132647
-0.142886
-0.153974
-0.164413
-0.172542
-0.176971
-0.176708
-0.171399
-0.161189
-0.146741
-0.129117
-0.109642
-0.0897553
-0.0707
-0.053376
-0.0380543
-0.0244455
-0.011738
0.00121252
0.0155105
0.0319751
0.050809
0.0713248
0.091916
0.1101
0.12312
0.128816
0.126254
0.116349
0.10182
0.0865364
0.0749455
0.0712716
0.0788763
0.0991946
0.130369
0.165788
0.194392
0.204454
0.18993
0.154248
0.107795
0.0615999
0.0228673
-0.00603679
-0.0261364
-0.040143
-0.0511345
-0.0617762
-0.0737038
-0.0874528
-0.102628
-0.118012
-0.132162
-0.143568
-0.150947
-0.153246
-0.149771
-0.140141
-0.124285
-0.1025
-0.075531
-0.0445097
-0.0109761
0.0234012
0.0569286
0.0882149
0.116209
0.140192
0.159811
0.174842
0.185286
0.191156
0.192223
0.187852
0.177177
0.1595
0.134804
0.104107
0.069461
0.0334579
-0.00137111
-0.0329633
-0.0599519
-0.0816085
-0.0977181
-0.108444
-0.11417
-0.115407
-0.112734
-0.106895
-0.0986954
-0.0891433
-0.079429
-0.0708525
-0.06471
-0.0619981
-0.0631257
-0.0677908
-0.0750639
-0.0837107
-0.092543
-0.100794
-0.108168
-0.114718
-0.120498
-0.125241
-0.128024
-0.127484
-0.122153
-0.11113
-0.0946289
-0.0744228
-0.053649
-0.0358968
-0.0236578
-0.0170165
-0.0135023
-0.00918303
-0.000189025
0.0158079
0.0392375
0.0685937
0.100995
0.132746
0.159996
0.17944
0.188797
0.187445
0.176669
0.159639
0.140923
0.125398
0.117153
0.118547
0.129587
0.147417
0.166763
0.181334
0.186222
0.180027
0.165239
0.146701
0.129439
0.116923
0.110758
0.111097
0.11731
0.128488
0.143938
0.163148
0.185495
0.209628
0.232527
0.249296
0.253931
0.241597
0.21134
0.166899
0.115128
0.0633929
0.0173327
-0.0197316
-0.046651
-0.0636432
-0.0718188
-0.0727844
-0.0682429
-0.0598525
-0.0491546
-0.0374485
-0.0261675
-0.017033
-0.0120656
-0.0134037
-0.0225595
-0.0396033
-0.062844
-0.0892519
-0.115342
-0.138165
-0.155843
-0.167735
-0.174073
-0.175799
-0.174084
-0.169889
-0.163947
-0.156563
-0.147647
-0.136984
-0.124402
-0.109954
-0.0938612
-0.0764525
-0.0580621
-0.0387276
-0.0183931
0.00302678
0.0254105
0.0480045
0.0692777
0.0869191
0.098236
0.10095
0.0939538
0.0781969
0.0566194
0.0339015
0.0154669
0.00649448
0.0106751
0.02876
0.0573002
0.0878551
0.109075
0.111757
0.094028
0.0621701
0.0260997
-0.00601416
-0.0302477
-0.0462401
-0.0554321
-0.0593674
-0.0586136
-0.0524545
-0.0391567
-0.0165761
0.0172603
0.0631394
0.119468
0.180993
0.238498
0.280897
0.300376
0.296733
0.277356
0.252133
0.228191
0.207622
0.188346
0.166424
0.138527
0.103455
0.0626539
0.0191975
-0.0234219
-0.0622856
-0.0955783
-0.122497
-0.142885
-0.156998
-0.16529
-0.168211
-0.166172
-0.159622
-0.149098
-0.135327
-0.119347
-0.102524
-0.0864681
-0.0726283
-0.0619229
-0.0543126
-0.0486833
-0.0429869
-0.0347913
-0.021754
-0.00210709
0.0249774
0.0592419
0.0994061
0.14323
0.18778
0.229712
0.265462
0.29173
0.306167
0.308357
0.299787
0.282682
0.258343
0.226285
0.185427
0.135928
0.0802146
0.0225063
-0.0328302
-0.0824803
-0.124662
-0.158889
-0.185566
-0.20551
-0.219715
-0.229121
-0.234624
-0.236999
-0.236891
-0.234829
-0.231185
-0.226247
-0.220119
-0.212842
-0.204262
-0.194284
-0.182644
-0.169158
-0.15379
-0.136705
-0.118435
-0.099857
-0.0821919
-0.0667342
-0.0545442
-0.0459373
-0.040352
-0.0362952
-0.0316468
-0.0241687
-0.0120249
0.0058859
0.029628
0.0580938
0.0887773
0.118054
0.141497
0.154844
0.155021
0.141102
0.114706
0.0794563
0.0399262
0.000529448
-0.0352106
-0.0648472
-0.0869843
-0.100864
-0.106369
-0.103869
-0.0943181
-0.0795815
-0.0623714
-0.0461379
-0.0343597
-0.0296391
-0.0329192
-0.0434544
-0.0593302
-0.0783902
-0.0988354
-0.119457
-0.139381
-0.157964
-0.17457
-0.18848
-0.198944
-0.205295
-0.206901
-0.203176
-0.193772
-0.178741
-0.158722
-0.135526
-0.112224
-0.0929921
-0.0821872
-0.082779
-0.0950599
-0.11654
-0.142989
-0.170028
-0.194198
-0.213566
-0.227346
-0.235663
-0.239136
-0.238663
-0.23523
-0.229881
-0.223671
-0.217615
-0.212673
-0.209595
-0.208947
-0.211009
-0.215819
-0.223083
-0.232286
-0.242895
-0.254205
-0.265603
-0.276513
-0.286431
-0.295018
-0.301951
-0.307025
-0.310079
-0.311004
-0.309683
-0.306024
-0.299978
-0.291561
-0.280783
-0.267766
-0.252688
-0.235858
-0.217683
-0.19868
-0.179451
-0.160726
-0.143177
-0.127494
-0.114221
-0.103685
-0.0959005
-0.0905815
-0.0870261
-0.0842715
-0.0811236
-0.0763477
-0.0687842
-0.0575568
-0.0422094
-0.0228528
-0.000248805
0.024072
0.0478801
0.068483
0.0832282
0.0899375
0.0874317
0.0758005
0.0562061
0.030566
0.00124078
-0.0292584
-0.0584495
-0.0840015
-0.103697
-0.115586
-0.118017
-0.109625
-0.089634
-0.0578015
-0.0148335
0.0373884
0.0955507
0.155149
0.210919
0.257639
0.291294
0.309524
0.311982
0.300162
0.277084
0.246926
0.21444
0.184132
0.15952
0.142816
0.134854
0.135187
0.142388
0.154105
0.167357
0.179203
0.187683
0.192521
0.19505
0.197275
0.20043
0.203882
0.205398
0.201988
0.191599
0.174386
0.153099
0.13279
0.119698
0.119536
0.134986
0.161746
0.185887
0.187178
0.151468
0.0821954
-0.0020469
-0.0808267
-0.141586
-0.180476
-0.19891
-0.200209
-0.187906
-0.165127
-0.134489
-0.0982981
-0.0586611
-0.0177554
0.0219282
0.0575389
0.0860056
0.10444
0.110855
0.10472
0.0870781
0.0603117
0.0274739
-0.00849431
-0.0451621
-0.0809243
-0.114805
-0.146306
-0.175171
-0.201199
-0.224085
-0.2434
-0.258555
-0.26874
-0.272926
-0.269931
-0.258504
