-5.10438
-5.07068
-5.02801
-4.97984
-4.93188
-4.88323
-4.8348
-4.78667
-4.73745
-4.69208
-4.65544
-4.63154
-4.61665
-4.60479
-4.59337
-4.57902
-4.56096
-4.54022
-4.52192
-4.51574
-4.52848
-4.55875
-4.59309
-4.61594
-4.62016
-4.60123
-4.56676
-4.5268
-4.49334
-4.47935
-4.49479
-4.53855
-4.60391
-4.67241
-4.72734
-4.76036
-4.76725
-4.75307
-4.72548
-4.68666
-4.64769
-4.61247
-4.58591
-4.56752
-4.55143
-4.54291
-4.54364
-4.55946
-4.58432
-4.6078
-4.6223
-4.62094
-4.61001
-4.59478
-4.58425
-4.57582
-4.56736
-4.55834
-4.5494
-4.5409
-4.53085
-4.51736
-4.50827
-4.50903
-4.52014
-4.53609
-4.55223
-4.5655
-4.57988
-4.59744
-4.61683
-4.6324
-4.63953
-4.63712
-4.63492
-4.63874
-4.65145
-4.67017
-4.69339
-4.72193
-4.75641
-4.79531
-4.82853
-4.85071
-4.85545
-4.84095
-4.80793
-4.76012
-4.70482
-4.65646
-4.62764
-4.62704
-4.64937
-4.68718
-4.73125
-4.774
-4.80984
-4.83103
-4.83274
-4.8126
-4.77568
-4.72484
-4.67147
-4.623
-4.58771
-4.57172
-4.57643
-4.59803
-4.63135
-4.6684
-4.70413
-4.73257
-4.75248
-4.76242
-4.76674
-4.76439
-4.75989
-4.75378
-4.74716
-4.73894
-4.731
-4.72266
-4.71327
-4.7025
-4.68891
-4.6727
-4.65426
-4.63641
-4.62004
-4.60564
-4.59523
-4.58871
-4.59398
-4.61469
-4.64589
-4.68188
-4.71328
-4.73119
-4.73492
-4.72498
-4.70326
-4.67306
-4.64308
-4.62753
-4.63912
-4.6768
-4.73098
-4.78323
-4.8185
-4.83223
-4.81664
-4.76914
-4.69481
-4.60338
-4.51207
-4.43993
-4.40241
-4.40324
-4.433
-4.47725
-4.52928
-4.57757
-4.61294
-4.62417
-4.60735
-4.57591
-4.55135
-4.54217
-4.5446
-4.5465
-4.54708
-4.54869
-4.55694
-4.57297
-4.59499
-4.61743
-4.63203
-4.6374
-4.63194
-4.62106
-4.60944
-4.60349
-4.60479
-4.61288
-4.62708
-4.64237
-4.65531
-4.66284
-4.66025
-4.64818
-4.62853
-4.60128
-4.57485
-4.55032
-4.53066
-4.51715
-4.50798
-4.5013
-4.49778
-4.49824
-4.50298
-4.51406
-4.5248
-4.52565
-4.51478
-4.49396
-4.4654
-4.44148
-4.42841
-4.43067
-4.44939
-4.48319
-4.52257
-4.55594
-4.57164
-4.56511
-4.53553
-4.49367
-4.45539
-4.43179
-4.42933
-4.44531
-4.46953
-4.49477
-4.51784
-4.54068
-4.56197
-4.58479
-4.60769
-4.63046
-4.65128
-4.66431
-4.666
-4.65416
-4.62902
-4.59608
-4.56072
-4.52917
-4.50844
-4.49909
-4.50066
-4.50528
-4.50964
-4.51068
-4.51281
-4.52373
-4.55608
-4.6103
-4.67241
-4.72153
-4.75271
-4.7635
-4.75742
-4.7447
-4.73437
-4.73191
-4.7367
-4.74347
-4.74523
-4.73686
-4.71948
-4.69592
-4.67503
-4.66081
-4.65381
-4.65214
-4.65378
-4.65973
-4.66914
-4.68389
-4.70276
-4.72141
-4.73967
-4.75276
-4.75825
-4.75147
-4.73175
-4.70048
-4.65992
-4.61481
-4.57763
-4.5573
-4.55334
-4.56264
-4.57319
-4.5804
-4.58316
-4.58819
-4.60227
-4.62923
-4.66959
-4.71546
-4.76186
-4.80083
-4.83
-4.84904
-4.85868
-4.86407
-4.86534
-4.86519
-4.86088
-4.85325
-4.84406
-4.83367
-4.82122
-4.80537
-4.7888
-4.77478
-4.76656
-4.76452
-4.76866
-4.78121
-4.79749
-4.81458
-4.82584
-4.82579
-4.81508
-4.79395
-4.76569
-4.73562
-4.71006
-4.69604
-4.69532
-4.70644
-4.7226
-4.74055
-4.75395
-4.75781
-4.75253
-4.73694
-4.7134
-4.6869
-4.66199
-4.6415
-4.6297
-4.62673
-4.62763
-4.63103
-4.63405
-4.63601
-4.63595
-4.63939
-4.64605
-4.65778
-4.67446
-4.69458
-4.71341
-4.7268
-4.72925
-4.71969
-4.6962
-4.66052
-4.6197
-4.57799
-4.54238
-4.52226
-4.51743
-4.52864
-4.55339
-4.58551
-4.62115
-4.65659
-4.68843
-4.71486
-4.72953
-4.72729
-4.70542
-4.66636
-4.61689
-4.56598
-4.52743
-4.50869
-4.51086
-4.52786
-4.5493
-4.56931
-4.58596
-4.59772
-4.60327
-4.60278
-4.59597
-4.5784
-4.55243
-4.51961
-4.48513
-4.45735
-4.44509
-4.45993
-4.50435
-4.56768
-4.62837
-4.67148
-4.68834
-4.68064
-4.65143
-4.60679
-4.55648
-4.51128
-4.4811
-4.46474
-4.46165
-4.4646
-4.46459
-4.45866
-4.44944
-4.44272
-4.44613
-4.46578
-4.5033
-4.55045
-4.60155
-4.64247
-4.67262
-4.69258
-4.70577
-4.71601
-4.71947
-4.71492
-4.70128
-4.68063
-4.65427
-4.62221
-4.5843
-4.547
-4.51828
-4.5054
-4.50115
-4.49785
-4.49261
-4.48522
-4.47914
-4.47506
-4.47954
-4.49641
-4.52788
-4.57066
-4.6148
-4.65319
-4.67796
-4.68689
-4.67994
-4.65707
-4.62466
-4.58659
-4.55253
-4.52787
-4.51841
-4.52547
-4.55364
-4.60103
-4.6601
-4.72656
-4.79199
-4.8519
-4.90188
-4.93733
-4.95556
-4.95532
-4.94082
-4.91369
-4.87835
-4.83802
-4.79457
-4.74918
-4.70457
-4.66154
-4.62022
-4.57695
-4.53371
-4.49315
-4.45677
-4.4329
-4.42172
-4.42795
-4.4588
-4.51442
-4.5854
-4.6531
-4.70172
-4.72362
-4.71931
-4.69452
-4.65738
-4.61815
-4.58129
-4.55691
-4.54769
-4.5549
-4.5781
-4.60798
-4.63514
-4.65062
-4.65059
-4.64099
-4.6305
-4.62531
-4.62704
-4.63262
-4.63482
-4.62933
-4.61435
-4.58716
-4.55625
-4.52249
-4.48972
-4.46545
-4.45164
-4.45163
-4.46404
-4.48348
-4.50338
-4.52238
-4.53959
-4.55654
-4.57177
-4.58876
-4.60292
-4.61268
-4.61448
-4.6082
-4.59422
-4.58014
-4.57461
-4.58358
-4.60909
-4.63978
-4.66046
-4.65854
-4.62894
-4.57638
-4.51265
-4.45563
-4.42804
-4.43813
-4.48371
-4.54928
-4.61879
-4.67676
-4.71694
-4.74136
-4.75326
-4.75571
-4.75276
-4.74414
-4.73064
-4.71075
-4.68819
-4.66653
-4.6492
-4.6382
-4.6348
-4.6392
-4.64644
-4.65138
-4.65393
-4.6565
-4.66384
-4.67815
-4.69639
-4.71342
-4.72536
-4.72834
-4.72247
-4.71259
-4.70246
-4.69771
-4.69792
-4.70423
-4.70862
-4.70381
-4.68722
-4.65482
-4.61251
-4.56594
-4.52766
-4.50434
-4.50071
-4.51548
-4.54676
-4.5873
-4.62955
-4.66851
-4.70595
-4.73913
-4.77398
-4.80329
-4.82274
-4.82755
-4.81839
-4.80109
-4.78865
-4.78973
-4.80614
-4.82828
-4.84404
-4.84633
-4.8338
-4.81057
-4.77956
-4.74693
-4.71597
-4.68839
-4.66797
-4.65599
-4.65472
-4.66134
-4.67105
-4.67636
-4.67303
-4.66043
-4.64748
-4.63841
-4.63905
-4.648
-4.65896
-4.66569
-4.66834
-4.66649
-4.66779
-4.6702
-4.67164
-4.67214
-4.6703
-4.66277
-4.65193
-4.63392
-4.62115
-4.62446
-4.64605
-4.68089
-4.7175
-4.74665
-4.76998
-4.78743
-4.7986
-4.80504
-4.80867
-4.80991
-4.80851
-4.80098
-4.78218
-4.75135
-4.70541
-4.65267
-4.59963
-4.55743
-4.53372
-4.52827
-4.5394
-4.55782
-4.578
-4.59063
-4.59394
-4.58933
-4.57987
-4.569
-4.56491
-4.56067
-4.55456
-4.54486
-4.53566
-4.53477
-4.54626
-4.57424
-4.61088
-4.64298
-4.66086
-4.65111
-4.61138
-4.55574
-4.50607
-4.47226
-4.4442
-4.41876
-4.3995
-4.39705
-4.42052
-4.46623
-4.52506
-4.58681
-4.64678
-4.70002
-4.74601
-4.78296
-4.80591
-4.81381
-4.80621
-4.78535
-4.75818
-4.73376
-4.71401
-4.7019
-4.69537
-4.69321
-4.69361
-4.69726
-4.69751
-4.69455
-4.6833
-4.66404
-4.63835
-4.60776
-4.57592
-4.54812
-4.52648
-4.51173
-4.50611
-4.51164
-4.53253
-4.56899
-4.61907
-4.67736
-4.73482
-4.78355
-4.81978
-4.83895
-4.84508
-4.84269
-4.83763
-4.83052
-4.82255
-4.80886
-4.78753
-4.75768
-4.72215
-4.69077
-4.67107
-4.66478
-4.67342
-4.69619
-4.73126
-4.77133
-4.81065
-4.84399
-4.86657
-4.87325
-4.86225
-4.83319
-4.79242
-4.74845
-4.71617
-4.70049
-4.69915
-4.7083
-4.72185
-4.73533
-4.74495
-4.74416
-4.73282
-4.7122
-4.69051
-4.67636
-4.67243
-4.67311
-4.67491
-4.67058
-4.6592
-4.64016
-4.61586
-4.59462
-4.58015
-4.57077
-4.56505
-4.55966
-4.55399
-4.54915
-4.54474
-4.53914
-4.535
-4.53531
-4.54183
-4.55861
-4.58305
-4.61289
-4.64137
-4.66622
-4.68172
-4.68922
-4.68882
-4.68157
-4.6728
-4.66526
-4.65758
-4.64668
-4.62899
-4.6037
-4.57269
-4.53564
-4.49643
-4.46125
-4.43914
-4.43671
-4.45693
-4.49435
-4.54229
-4.59392
-4.63981
-4.67585
-4.6989
-4.71094
-4.71495
-4.71247
-4.70754
-4.7017
-4.69757
-4.69593
-4.69397
-4.6902
-4.68247
-4.66881
-4.64901
-4.6227
-4.59248
-4.56308
-4.53941
-4.52882
-4.53509
-4.5543
-4.58435
-4.61815
-4.65415
-4.69274
-4.72714
-4.75326
-4.76607
-4.76633
-4.75373
-4.734
-4.70954
-4.68333
-4.66303
-4.65371
-4.66306
-4.68864
-4.72064
-4.74237
-4.74458
-4.72358
-4.67953
-4.61774
-4.54595
-4.47845
-4.42914
-4.41221
-4.4226
-4.45476
-4.49625
-4.53769
-4.57627
-4.60601
-4.62441
-4.63394
-4.63644
-4.63539
-4.6312
-4.62327
-4.61519
-4.60683
-4.60296
-4.60719
-4.6182
-4.62922
-4.64077
-4.65275
-4.66885
-4.69277
-4.71685
-4.73465
-4.74164
-4.74194
-4.7439
-4.75243
-4.77136
-4.79522
-4.81721
-4.8296
-4.82595
-4.80332
-4.7697
-4.7404
-4.72362
-4.71714
-4.71425
-4.70852
-4.70025
-4.69324
-4.6857
-4.6819
-4.68155
-4.68369
-4.68695
-4.69092
-4.69698
-4.69986
-4.70046
-4.69559
-4.68419
-4.66761
-4.64383
-4.61411
-4.58194
-4.55372
-4.53876
-4.53958
-4.55883
-4.58587
-4.60899
-4.61964
-4.61227
-4.58906
-4.55257
-4.51141
-4.47072
-4.43445
-4.40954
-4.39858
-4.40099
-4.41414
-4.43087
-4.44595
-4.45631
-4.46157
-4.46763
-4.47731
-4.49656
-4.52845
-4.57214
-4.62364
-4.67825
-4.73286
-4.78065
-4.81943
-4.8496
-4.86918
-4.8741
-4.86531
-4.84401
-4.81185
-4.77188
-4.73145
-4.69337
-4.66288
-4.64278
-4.63324
-4.63184
-4.63576
-4.64338
-4.65239
-4.65865
-4.6582
-4.64575
-4.62003
-4.58569
-4.54875
-4.52193
-4.51638
-4.53321
-4.5648
-4.59962
-4.62997
-4.64567
-4.64406
-4.62301
-4.58167
-4.52664
-4.46987
-4.43584
-4.44137
-4.49104
-4.56892
-4.65042
-4.7202
-4.76832
-4.79339
-4.79667
-4.7803
-4.75192
-4.71393
-4.6719
-4.63133
-4.6025
-4.58716
-4.58482
-4.58167
-4.57218
-4.54979
-4.52034
-4.4982
-4.49303
-4.51022
-4.53925
-4.56506
-4.57891
-4.57575
-4.56051
-4.54685
-4.55235
-4.58256
-4.63132
-4.68579
-0.440359
-1.00958
-1.68601
-2.26963
-2.66686
-2.87855
-2.95186
-2.9287
-2.84606
-2.72121
-2.57388
-2.43417
-2.35842
-2.37486
-2.48196
-2.64829
-2.8219
-2.96324
-3.05213
-3.09923
-3.12708
-3.14754
-3.15905
-3.14589
-3.10092
-3.03587
-2.98754
-2.99909
-3.06908
-3.15538
-3.22415
-3.2548
-3.2524
-3.22482
-3.18094
-3.12104
-3.05419
-2.97583
-2.89692
-2.83373
-2.82325
-2.87521
-2.96052
-3.03536
-3.06375
-3.0449
-2.98789
-2.93522
-2.90602
-2.90135
-2.91754
-2.95372
-2.99011
-3.00347
-2.99201
-2.96072
-2.91557
-2.86756
-2.82748
-2.80509
-2.80421
-2.82512
-2.87831
-2.94739
-2.98833
-2.96793
-2.90804
-2.86809
-2.8696
-2.89164
-2.89016
-2.86086
-2.83836
-2.86587
-2.9349
-2.99746
-3.03726
-3.05061
-3.03741
-3.00002
-2.94322
-2.87128
-2.80518
-2.75597
-2.73798
-2.76576
-2.83348
-2.92043
-2.96945
-2.95627
-2.89264
-2.83573
-2.82618
-2.87007
-2.9296
-2.98196
-3.02309
-3.06211
-3.10836
-3.16306
-3.22014
-3.26273
-3.27419
-3.24496
-3.17763
-3.06897
-2.93368
-2.79434
-2.70067
-2.69196
-2.7546
-2.84008
-2.90249
-2.94676
-2.97871
-3.00496
-3.00945
-2.99027
-2.95853
-2.93267
-2.90609
-2.8801
-2.86529
-2.85503
-2.87766
-2.94599
-3.04197
-3.13327
-3.22376
-3.32938
-3.43179
-3.47667
-3.46518
-3.42967
-3.39577
-3.35191
-3.29547
-3.21588
-3.11192
-2.98575
-2.85543
-2.76826
-2.75127
-2.81173
-2.92271
-3.03898
-3.1548
-3.25225
-3.30029
-3.27239
-3.17006
-3.04258
-2.94371
-2.91447
-2.9589
-3.04031
-3.12238
-3.1561
-3.10967
-2.96187
-2.7489
-2.5472
-2.42938
-2.44331
-2.56277
-2.7265
-2.87158
-2.969
-2.9967
-2.96083
-2.88982
-2.81934
-2.77012
-2.74985
-2.74939
-2.77485
-2.83937
-2.92693
-3.01356
-3.07766
-3.1418
-3.22769
-3.33233
-3.42621
-3.48062
-3.49216
-3.44946
-3.3448
-3.1941
-3.02004
-2.85838
-2.72995
-2.6357
-2.57611
-2.55899
-2.59294
-2.66115
-2.74431
-2.8252
-2.90787
-2.99847
-3.07085
-3.10432
-3.08674
-3.01559
-2.91418
-2.80829
-2.72298
-2.66993
-2.65119
-2.67517
-2.7415
-2.82402
-2.90741
-2.97586
-3.03381
-3.09365
-3.14234
-3.16086
-3.15223
-3.11731
-3.04662
-2.96956
-2.92619
-2.92832
-2.92682
-2.90319
-2.87319
-2.86499
-2.88941
-2.96162
-3.0836
-3.22593
-3.32665
-3.33471
-3.23892
-3.0831
-2.93581
-2.83189
-2.77842
-2.7626
-2.78062
-2.81651
-2.86442
-2.91961
-2.96322
-2.98479
-2.99224
-2.99743
-3.01518
-3.03737
-3.04688
-3.04034
-3.02389
-3.01355
-3.02216
-3.03765
-3.05256
-3.05333
-3.05753
-3.05191
-3.01684
-2.94859
-2.87416
-2.81145
-2.7647
-2.73113
-2.72479
-2.75938
-2.81863
-2.85947
-2.89599
-2.94273
-2.99956
-3.05997
-3.09812
-3.09789
-3.06581
-3.04895
-3.06818
-3.08444
-3.06901
-3.03306
-3.01261
-3.01381
-3.02278
-3.02845
-3.04832
-3.08581
-3.13219
-3.18496
-3.22952
-3.25388
-3.2548
-3.23372
-3.19005
-3.12062
-3.03438
-2.9331
-2.8332
-2.76775
-2.77239
-2.84019
-2.92823
-3.00089
-3.04889
-3.089
-3.12967
-3.16752
-3.19025
-3.1872
-3.13952
-3.05493
-2.9689
-2.93069
-2.95297
-2.99315
-3.0211
-3.03756
-3.05078
-3.05718
-3.05085
-3.03382
-3.01852
-3.01463
-3.03326
-3.079
-3.12094
-3.14691
-3.16291
-3.18481
-3.20423
-3.20762
-3.18609
-3.15549
-3.11777
-3.07801
-3.0249
-2.93861
-2.8249
-2.72231
-2.66642
-2.67956
-2.73935
-2.79559
-2.80271
-2.76918
-2.72859
-2.70756
-2.70996
-2.74335
-2.82193
-2.93542
-3.05411
-3.1515
-3.20663
-3.21418
-3.18902
-3.15121
-3.12979
-3.1415
-3.18826
-3.22723
-3.21039
-3.14836
-3.06936
-2.99903
-2.95809
-2.96245
-3.0168
-3.11068
-3.20683
-3.24795
-3.19014
-3.03763
-2.86381
-2.74808
-2.72968
-2.78121
-2.86239
-2.93311
-2.98164
-3.02714
-3.08461
-3.15083
-3.20273
-3.22031
-3.21107
-3.19569
-3.19572
-3.20885
-3.22682
-3.23031
-3.21506
-3.19648
-3.1656
-3.09315
-2.97778
-2.8526
-2.76946
-2.74309
-2.77073
-2.83576
-2.90587
-2.95705
-2.98603
-2.9964
-2.99658
-2.99919
-3.01672
-3.06655
-3.14111
-3.21576
-3.26236
-3.25146
-3.16333
-3.01824
-2.87338
-2.77631
-2.75176
-2.77141
-2.80496
-2.84471
-2.89881
-2.95119
-2.97453
-2.98175
-2.98965
-3.02384
-3.09072
-3.16751
-3.22843
-3.25286
-3.226
-3.16404
-3.09442
-3.04954
-3.0295
-3.00827
-2.97168
-2.91845
-2.86309
-2.81627
-2.78709
-2.77095
-2.79282
-2.86717
-2.97754
-3.08499
-3.15369
-3.17637
-3.16567
-3.12662
-3.06608
-3.01382
-2.98221
-2.97056
-2.96438
-2.95711
-2.9456
-2.95253
-2.98465
-3.03421
-3.08904
-3.14641
-3.20415
-3.23368
-3.2159
-3.17344
-3.15787
-3.18867
-3.22515
-3.23786
-3.22329
-3.16761
-3.08803
-3.03831
-3.04702
-3.06688
-3.04628
-2.98191
-2.89264
-2.81328
-2.76482
-2.77944
-2.86507
-2.99332
-3.12244
-3.2015
-3.20263
-3.14338
-3.079
-3.07728
-3.16803
-3.29802
-3.39708
-3.42091
-3.36852
-3.28387
-3.22365
-3.20478
-3.22938
-3.27562
-3.3157
-3.32679
-3.30261
-3.23468
-3.1269
-3.01313
-2.93512
-2.92212
-2.97365
-3.07178
-3.19747
-3.3239
-3.39799
-3.38756
-3.29737
-3.16295
-3.01655
-2.90093
-2.85086
-2.8899
-3.00324
-3.1215
-3.19119
-3.18083
-3.09941
-3.00416
-2.94379
-2.94259
-2.95495
-2.94203
-2.91964
-2.91765
-2.92987
-2.97026
-3.0298
-3.10008
-3.16029
-3.18854
-3.1647
-3.08422
-2.97651
-2.87245
-2.76644
-2.66595
-2.63338
-2.73188
-2.92131
-3.11233
-3.23178
-3.25005
-3.16648
-2.99291
-2.77681
-2.59174
-2.51246
-2.56156
-2.71393
-2.90061
-3.06947
-3.20226
-3.31286
-3.39729
-3.43657
-3.40455
-3.29252
-3.14229
-3.02444
-2.96969
-2.96813
-2.99816
-3.03216
-3.05377
-3.05893
-3.08247
-3.16436
-3.27315
-3.33901
-3.32841
-3.28842
-3.26161
-3.21425
-3.13341
-3.05413
-2.99897
-2.96026
-2.94156
-2.92662
-2.92843
-2.97531
-3.07152
-3.16964
-3.2015
-3.14137
-2.99096
-2.78783
-2.61778
-2.56617
-2.66396
-2.86089
-3.09615
-3.30213
-3.44574
-3.51831
-3.53946
-3.52225
-3.47447
-3.38962
-3.27931
-3.15714
-3.0324
-2.91588
-2.83008
-2.79503
-2.84458
-2.92646
-2.99988
-3.05896
-3.08987
-3.05922
-2.96759
-2.87083
-2.81733
-2.79997
-2.79176
-2.7706
-2.74042
-2.7263
-2.73124
-2.74699
-2.76037
-2.75472
-2.71979
-2.64775
-2.56632
-2.54563
-2.63551
-2.81002
-2.99914
-3.14333
-3.24391
-3.31265
-3.34964
-3.35178
-3.30636
-3.2215
-3.12524
-3.051
-3.01592
-3.00445
-3.00054
-2.97225
-2.92135
-2.87245
-2.8786
-2.96373
-3.09054
-3.21443
-3.31397
-3.35875
-3.32507
-3.23027
-3.13028
-3.07388
-3.06726
-3.0843
-3.09103
-3.07958
-3.06693
-3.07554
-3.12086
-3.18305
-3.22792
-3.21902
-3.16493
-3.1047
-3.07237
-3.05773
-3.02417
-2.96055
-2.90359
-2.87628
-2.88179
-2.89939
-2.91566
-2.93952
-2.94972
-2.92297
-2.84679
-2.76704
-2.73731
-2.76185
-2.7866
-2.78426
-2.77534
-2.81368
-2.91983
-3.08599
-3.24343
-3.32516
-3.31127
-3.2634
-3.24782
-3.24991
-3.22105
-3.1383
-3.05489
-3.03426
-3.068
-3.11112
-3.13614
-3.13355
-3.13473
-3.16436
-3.22553
-3.2899
-3.32359
-3.30353
-3.23128
-3.15162
-3.10948
-3.12808
-3.19718
-3.29706
-3.37516
-3.40323
-3.38296
-3.34881
-3.33009
-3.35185
-3.39571
-3.42942
-3.42572
-3.37463
-3.29004
-3.19856
-3.10755
-3.01181
-2.90803
-2.79619
-2.69511
-2.66062
-2.73909
-2.91576
-3.1298
-3.29491
-3.36271
-3.34874
-3.31839
-3.2971
-3.26004
-3.17754
-3.05497
-2.92168
-2.7961
-2.70076
-2.64315
-2.62136
-2.64351
-2.70319
-2.78075
-2.85064
-2.89488
-2.91429
-2.91955
-2.91138
-2.90283
-2.89148
-2.87939
-2.88626
-2.93922
-3.06319
-3.22284
-3.3696
-3.46424
-3.45972
-3.35339
-3.18888
-3.03159
-2.90475
-2.81903
-2.80659
-2.85602
-2.91549
-2.93385
-2.88816
-2.80452
-2.73153
-2.7042
-2.73968
-2.83496
-2.95213
-3.0536
-3.11965
-3.1648
-3.19358
-3.21592
-3.24164
-3.27298
-3.29299
-3.27883
-3.23737
-3.18891
-3.15488
-3.13711
-3.12904
-3.13257
-3.13579
-3.11807
-3.06131
-2.96137
-2.85214
-2.78916
-2.79819
-2.86918
-2.96688
-3.07433
-3.15647
-3.18508
-3.16101
-3.12219
-3.10904
-3.13439
-3.17247
-3.19471
-3.16192
-3.05926
-2.89992
-2.74889
-2.67724
-2.71357
-2.8116
-2.90901
-2.95379
-2.93752
-2.89012
-2.83404
-2.79225
-2.7469
-2.69959
-2.65015
-2.62482
-2.64056
-2.71115
-2.82355
-2.94199
-3.03249
-3.07345
-3.05717
-3.01022
-2.97526
-2.98837
-3.03468
-3.06799
-3.06193
-3.03759
-3.03399
-3.08814
-3.18938
-3.29935
-3.35923
-3.34977
-3.27809
-3.17843
-3.07519
-2.98754
-2.91197
-2.86741
-2.86708
-2.90395
-2.9588
-3.01172
-3.04225
-3.06214
-3.10411
-3.18582
-3.28592
-3.37875
-3.42591
-3.4068
-3.31135
-3.16642
-3.02589
-2.90966
-2.81249
-2.72363
-2.64799
-2.60992
-2.62305
-2.69948
-2.8324
-2.99356
-3.14363
-3.2592
-3.35653
-3.44683
-3.51378
-3.52256
-3.48451
-3.44319
-3.43012
-3.41115
-3.3487
-3.25438
-3.18184
-3.16339
-3.2008
-3.27223
-3.3363
-3.34346
-3.2838
-3.1769
-3.05269
-2.92038
-2.80292
-2.73276
-2.74276
-2.84652
-3.01504
-3.20883
-3.37276
-3.46302
-3.47572
-3.46651
-3.49007
-3.544
-3.60937
-3.65668
-3.64941
-3.56526
-3.40781
-3.2264
-3.09238
-3.04167
-3.04216
-3.05593
-3.06501
-3.08404
-3.10159
-3.10018
-3.0535
-2.97958
-2.91831
-2.90299
-2.91471
-2.93441
-2.95275
-2.96675
-2.98718
-3.01881
-3.06925
-3.15091
-3.24981
-3.32515
-3.35573
-3.34758
-3.33676
-3.36226
-3.4025
-3.4092
-3.34445
-3.19376
-2.99623
-2.80661
-2.68432
-2.68187
-2.80214
-2.98685
-3.15263
-3.23991
-3.24689
-3.2059
-3.16571
-3.1618
-3.19419
-3.25537
-3.32044
-3.36937
-3.38647
-3.37914
-3.35788
-3.33924
-3.31888
-3.28021
-3.20109
-3.10801
-3.06385
-3.08612
-3.13503
-3.1433
-3.07342
-2.93614
-2.78559
-2.6869
-2.6687
-2.72308
-2.80852
-2.86816
-5.11483
-5.1074
-5.10182
-5.10115
-5.1016
-5.10576
-5.10888
-5.1071
-5.10245
-5.09359
-5.08274
-5.07293
-5.0653
-5.06036
-5.05716
-5.05288
-5.04574
-5.03653
-5.02176
-5.0039
-4.98452
-4.96824
-4.95859
-4.9599
-4.96575
-4.97387
-4.97773
-4.97529
-4.96581
-4.95405
-4.9441
-4.93977
-4.9443
-4.9573
-4.97786
-5.00358
-5.03194
-5.06004
-5.0836
-5.09945
-5.10819
-5.11143
-5.10982
-5.10785
-5.10547
-5.10324
-5.10019
-5.09456
-5.08609
-5.07355
-5.05816
-5.04
-5.02754
-5.02362
-5.02932
-5.04178
-5.05679
-5.06795
-5.07247
-5.07165
-5.06477
-5.05621
-5.047
-5.03956
-5.03353
-5.02866
-5.02518
-5.02276
-5.02407
-5.02757
-5.03472
-5.04592
-5.06402
-5.08802
-5.1198
-5.15531
-5.19316
-5.22505
-5.25056
-5.26798
-5.27521
-5.27563
-5.26511
-5.24481
-5.21787
-5.18572
-5.15136
-5.11753
-5.08703
-5.06208
-5.04113
-5.02684
-5.01701
-5.01099
-5.0082
-5.00856
-5.01022
-5.01632
-5.02351
-5.03347
-5.0429
-5.05007
-5.05329
-5.05279
-5.0499
-5.04891
-5.05132
-5.05716
-5.06594
-5.07457
-5.08307
-5.09198
-5.10207
-5.11346
-5.12464
-5.13252
-5.13456
-5.12792
-5.11021
-5.08355
-5.05174
-5.02197
-4.99938
-4.9909
-4.99243
-5.00185
-5.01879
-5.03865
-5.06022
-5.08244
-5.10327
-5.12262
-5.13806
-5.15051
-5.15802
-5.15821
-5.14984
-5.13545
-5.11725
-5.10206
-5.09688
-5.10112
-5.11128
-5.12028
-5.12314
-5.11978
-5.11154
-5.10035
-5.08955
-5.0799
-5.07229
-5.0694
-5.0679
-5.06756
-5.06645
-5.06205
-5.05331
-5.04418
-5.03492
-5.02904
-5.02827
-5.03302
-5.04343
-5.05433
-5.06155
-5.06424
-5.05994
-5.0477
-5.02937
-5.00661
-4.98271
-4.95854
-4.93791
-4.92636
-4.92388
-4.92952
-4.94498
-4.96558
-4.98915
-5.01154
-5.03181
-5.04702
-5.05705
-5.06163
-5.06141
-5.0563
-5.04915
-5.03799
-5.02347
-5.00874
-4.99483
-4.98488
-4.98072
-4.98417
-4.99263
-5.0014
-5.0088
-5.01089
-5.00899
-5.00436
-4.9976
-4.99261
-4.98823
-4.98629
-4.98542
-4.98561
-4.98923
-4.9931
-4.99964
-5.01
-5.02402
-5.04038
-5.05645
-5.06852
-5.07832
-5.08344
-5.08756
-5.09109
-5.09746
-5.10558
-5.11507
-5.12185
-5.1283
-5.13428
-5.13831
-5.1413
-5.14209
-5.14259
-5.14307
-5.14174
-5.13715
-5.13025
-5.12025
-5.10723
-5.09353
-5.08127
-5.07423
-5.07285
-5.07495
-5.07913
-5.08292
-5.0852
-5.0814
-5.07031
-5.05035
-5.02218
-4.9908
-4.95905
-4.93379
-4.91899
-4.91788
-4.92727
-4.94411
-4.96342
-4.98307
-5.00004
-5.01421
-5.02751
-5.0397
-5.05143
-5.06557
-5.07863
-5.09136
-5.10398
-5.11472
-5.1253
-5.13677
-5.14921
-5.161
-5.17235
-5.18239
-5.1882
-5.19212
-5.19252
-5.19185
-5.19046
-5.18862
-5.18567
-5.18078
-5.17356
-5.16141
-5.14632
-5.12813
-5.10744
-5.08577
-5.06156
-5.0379
-5.01632
-5.0012
-4.99653
-5.00257
-5.01654
-5.03489
-5.05433
-5.07131
-5.08328
-5.09134
-5.09619
-5.09831
-5.10141
-5.10658
-5.1139
-5.12348
-5.13072
-5.1357
-5.13396
-5.12649
-5.11559
-5.10338
-5.09424
-5.08876
-5.0864
-5.08546
-5.08214
-5.07543
-5.06628
-5.05832
-5.05308
-5.05314
-5.05882
-5.06654
-5.07165
-5.07128
-5.06389
-5.049
-5.03054
-5.01051
-4.98995
-4.97154
-4.95458
-4.93897
-4.9255
-4.91754
-4.91563
-4.92383
-4.94032
-4.96456
-4.99702
-5.03372
-5.07208
-5.10838
-5.13671
-5.1524
-5.15446
-5.14126
-5.12104
-5.10367
-5.09754
-5.10223
-5.11005
-5.1139
-5.11388
-5.11017
-5.10704
-5.10473
-5.10327
-5.10168
-5.10142
-5.10257
-5.10382
-5.10552
-5.10868
-5.11261
-5.11919
-5.12583
-5.13062
-5.13111
-5.12804
-5.11849
-5.10314
-5.08348
-5.06291
-5.04476
-5.03255
-5.02685
-5.0281
-5.03655
-5.04914
-5.06362
-5.07789
-5.09047
-5.10043
-5.10536
-5.10417
-5.09825
-5.08995
-5.08108
-5.07624
-5.0751
-5.07697
-5.08041
-5.08187
-5.08021
-5.0738
-5.06315
-5.04436
-5.02183
-4.99732
-4.97327
-4.9523
-4.93859
-4.93605
-4.94421
-4.964
-4.99068
-5.01861
-5.04256
-5.06235
-5.07551
-5.08027
-5.077
-5.06444
-5.0446
-5.021
-4.99656
-4.97686
-4.96438
-4.96271
-4.97175
-4.98712
-5.00755
-5.02911
-5.04741
-5.06005
-5.06552
-5.06455
-5.0567
-5.04518
-5.03261
-5.02513
-5.02732
-5.04049
-5.06228
-5.08985
-5.11642
-5.13966
-5.15586
-5.16411
-5.16539
-5.16028
-5.14985
-5.13212
-5.10726
-5.0757
-5.03723
-4.99445
-4.95195
-4.9129
-4.88455
-4.86894
-4.86996
-4.88326
-4.90571
-4.93143
-4.95543
-4.97761
-4.99258
-5.00157
-5.00431
-5.00377
-5.00222
-5.00238
-5.00793
-5.01926
-5.03471
-5.05263
-5.06829
-5.07955
-5.08443
-5.08038
-5.07078
-5.0579
-5.04539
-5.03643
-5.0332
-5.0358
-5.04315
-5.05462
-5.06864
-5.08205
-5.09481
-5.10308
-5.10836
-5.11066
-5.1135
-5.11391
-5.11108
-5.10504
-5.09551
-5.08308
-5.06998
-5.0569
-5.04666
-5.04116
-5.0389
-5.04295
-5.05086
-5.06135
-5.07247
-5.08105
-5.08348
-5.07969
-5.06809
-5.05048
-5.02917
-5.0043
-4.97917
-4.95562
-4.93479
-4.91666
-4.90541
-4.90168
-4.90986
-4.92843
-4.95461
-4.98186
-5.00575
-5.02244
-5.03254
-5.035
-5.03497
-5.03417
-5.03551
-5.039
-5.04508
-5.05383
-5.06615
-5.08145
-5.09546
-5.10608
-5.11095
-5.10978
-5.10097
-5.08505
-5.06439
-5.04286
-5.02157
-5.00593
-4.99958
-5.00439
-5.01683
-5.03354
-5.04792
-5.05833
-5.06189
-5.05851
-5.04822
-5.03399
-5.01541
-4.99785
-4.98239
-4.9741
-4.97402
-4.98127
-4.99477
-5.01284
-5.03441
-5.05833
-5.08145
-5.10144
-5.11666
-5.12359
-5.12356
-5.11859
-5.10881
-5.09982
-5.09297
-5.09333
-5.10056
-5.11339
-5.12705
-5.14025
-5.15096
-5.15352
-5.15007
-5.13874
-5.11899
-5.09451
-5.06919
-5.04867
-5.03541
-5.02785
-5.02617
-5.02512
-5.02244
-5.01938
-5.01862
-5.02343
-5.03461
-5.05111
-5.07582
-5.10207
-5.12889
-5.15604
-5.17716
-5.1929
-5.19888
-5.19591
-5.18455
-5.16859
-5.15
-5.13121
-5.11888
-5.11172
-5.11116
-5.11665
-5.12572
-5.13753
-5.15093
-5.16447
-5.1742
-5.17891
-5.17394
-5.15827
-5.13302
-5.10107
-5.0627
-5.02391
-4.98661
-4.95682
-4.94306
-4.94507
-4.96076
-4.98277
-5.00709
-5.02763
-5.04435
-5.05732
-5.0638
-5.06352
-5.05865
-5.04867
-5.03429
-5.01972
-5.00497
-4.9931
-4.98808
-4.99239
-5.00403
-5.02424
-5.0484
-5.07551
-5.10524
-5.13313
-5.15801
-5.17751
-5.19241
-5.19985
-5.2018
-5.19804
-5.19096
-5.18048
-5.16968
-5.15986
-5.15178
-5.14266
-5.13332
-5.12323
-5.11137
-5.10004
-5.09091
-5.08436
-5.07964
-5.07783
-5.07806
-5.08071
-5.0857
-5.09318
-5.09954
-5.0995
-5.09227
-5.07707
-5.05696
-5.03636
-5.01773
-5.00453
-4.99726
-4.99198
-4.99045
-4.99175
-4.99464
-4.99978
-5.00433
-5.00637
-5.00471
-4.99697
-4.984
-4.96519
-4.94549
-4.92844
-4.91707
-4.91348
-4.92132
-4.93958
-4.96716
-5.00129
-5.03936
-5.07956
-5.11907
-5.15436
-5.18506
-5.20835
-5.222
-5.22468
-5.21926
-5.20627
-5.18822
-5.16622
-5.14186
-5.11667
-5.09087
-5.0668
-5.04556
-5.03115
-5.02277
-5.02311
-5.02858
-5.03853
-5.04888
-5.05845
-5.06525
-5.06919
-5.07255
-5.07465
-5.07957
-5.08568
-5.09226
-5.09641
-5.09621
-5.08939
-5.07853
-5.06656
-5.05409
-5.04152
-5.02983
-5.01975
-5.01145
-5.00899
-5.01075
-5.01531
-5.02056
-5.02586
-5.02992
-5.03039
-5.02879
-5.02491
-5.01993
-5.01326
-5.0059
-4.99326
-4.97678
-4.95827
-4.94113
-4.93033
-4.92505
-4.92223
-4.91875
-4.91427
-4.91404
-4.92186
-4.93982
-4.9666
-4.99803
-5.03022
-5.05782
-5.07772
-5.0901
-5.09278
-5.08967
-5.08089
-5.06975
-5.05851
-5.05208
-5.05056
-5.05396
-5.06211
-5.0742
-5.08577
-5.09601
-5.10086
-5.09955
-5.09137
-5.07906
-5.06765
-5.06026
-5.05953
-5.0658
-5.07581
-5.08488
-5.08941
-5.08968
-5.0859
-5.07482
-5.05706
-5.03692
-5.01575
-4.99798
-4.98523
-4.97817
-4.97384
-4.97092
-4.97098
-4.97461
-4.98296
-4.99473
-5.00708
-5.01757
-5.02338
-5.02257
-5.01775
-5.00902
-5.00034
-4.99461
-4.99051
-4.98764
-4.98254
-4.97937
-4.97614
-4.97561
-4.98154
-4.99644
-5.01743
-5.03968
-5.05606
-5.06335
-5.05781
-5.04311
-5.02268
-5.00532
-4.99685
-4.99742
-5.00588
-5.01717
-5.0265
-5.0324
-5.03245
-5.02571
-5.01511
-5.00384
-4.99442
-4.99513
-5.00952
-5.03654
-5.06952
-5.10243
-5.13094
-5.15204
-5.1659
-5.17543
-5.17995
-5.1801
-5.17365
-5.16373
-5.15121
-5.14106
-5.13274
-5.12524
-5.12114
-5.12031
-5.11751
-5.11483
-5.10838
-5.09634
-5.07893
-5.05639
-5.0296
-5.00115
-4.97538
-4.95508
-4.94343
-4.94446
-4.95881
-4.98252
-5.01079
-5.03626
-5.05634
-5.06987
-5.07578
-5.07698
-5.07256
-5.06094
-5.04324
-5.0195
-4.99215
-4.96693
-4.95103
-4.94815
-4.95904
-4.98003
-5.00298
-5.02099
-5.03261
-5.03369
-5.02707
-5.01355
-4.9958
-4.97761
-4.96118
-4.9471
-4.93517
-4.92668
-4.91951
-4.91401
-4.91169
-4.91351
-4.91961
-4.93185
-4.94864
-4.97002
-4.99314
-5.01678
-5.03836
-5.06019
-5.08032
-5.09843
-5.11573
-5.12985
-5.14318
-5.15591
-5.16744
-5.17606
-5.18265
-5.18396
-5.1823
-5.17668
-5.16599
-5.15192
-5.13358
-5.11234
-5.09157
-5.07251
-5.05642
-5.04364
-5.03637
-5.03276
-5.03305
-5.03697
-5.04151
-5.04699
-5.05357
-5.06123
-5.07029
-5.08033
-5.09
-5.09917
-5.10616
-5.11121
-5.11356
-5.11482
-5.11642
-5.1162
-5.11682
-5.11713
-5.11958
-5.12358
-5.12793
-5.13396
-5.13755
-5.13672
-5.1324
-5.12322
-5.11028
-5.09636
-5.08382
-5.07389
-5.06917
-5.07116
-5.07984
-5.09324
-5.11081
-5.12856
-5.14301
-5.15518
-5.16416
-5.16856
-5.17022
-5.16674
-5.16237
-5.1569
-5.15317
-5.15149
-5.15225
-5.1531
-5.15205
-5.14764
-5.13787
-5.12316
-5.10497
-5.08613
-5.06986
-5.06007
-5.05856
-5.06665
-5.08183
-5.10118
-5.11918
-5.13535
-5.14621
-5.15126
-5.15113
-0.039909
-0.0399256
-0.0399368
-0.0399686
-0.0400161
-0.0400651
-0.0401205
-0.0401846
-0.0402622
-0.0403439
-0.0404394
-0.0405368
-0.0406577
-0.0407759
-0.0409154
-0.0410573
-0.0412088
-0.0413772
-0.0415484
-0.0417274
-0.0419071
-0.0420996
-0.0423147
-0.0425408
-0.0427734
-0.0430033
-0.0432498
-0.0435179
-0.0438006
-0.0440911
-0.0443874
-0.0447039
-0.0450293
-0.045378
-0.045741
-0.0461188
-0.046514
-0.0469224
-0.0473446
-0.0477905
-0.0482464
-0.0487247
-0.0492117
-0.0497271
-0.0502643
-0.0508146
-0.0513882
-0.0519785
-0.0525961
-0.0532343
-0.053906
-0.0546002
-0.0553107
-0.056055
-0.0568199
-0.0576159
-0.0584489
-0.0593036
-0.0601881
-0.0611084
-0.0620635
-0.0630526
-0.0640792
-0.0651474
-0.0662565
-0.0674128
-0.0686109
-0.0698528
-0.0711521
-0.0725015
-0.0738934
-0.0753441
-0.0768485
-0.0784209
-0.080061
-0.0817472
-0.0835007
-0.0853113
-0.0871973
-0.0891505
-0.0911832
-0.0932692
-0.0954378
-0.0976743
-0.0999662
-0.102312
-0.104703
-0.107111
-0.109514
-0.111882
-0.114167
-0.116311
-0.118234
-0.119859
-0.121053
-0.121695
-0.12168
-0.120918
-0.119433
-0.117373
-0.115081
-0.113116
-0.112131
-0.11272
-0.115216
-0.119556
-0.125307
-0.131873
-0.138651
-0.145192
-0.151188
-0.156462
-0.160875
-0.16433
-0.166694
-0.167859
-0.167732
-0.166322
-0.163774
-0.160461
-0.156939
-0.153975
-0.152351
-0.15263
-0.154995
-0.159171
-0.164544
-0.170385
-0.176051
-0.181086
-0.185303
-0.188606
-0.19103
-0.192535
-0.193062
-0.192532
-0.190803
-0.187799
-0.183599
-0.178435
-0.172762
-0.167227
-0.162544
-0.159403
-0.158316
-0.159516
-0.162955
-0.168293
-0.175058
-0.182716
-0.190791
-0.198898
-0.206751
-0.214163
-0.22103
-0.22732
-0.233029
-0.238179
-0.242831
-0.247022
-0.250821
-0.254244
-0.257349
-0.26013
-0.262587
-0.264685
-0.266337
-0.267413
-0.267703
-0.266938
-0.264745
-0.260755
-0.254737
-0.246782
-0.237659
-0.229067
-0.223258
-0.222127
-0.226083
-0.233844
-0.243178
-0.252052
-0.259248
-0.264334
-0.267331
-0.268443
-0.26793
-0.266002
-0.262763
-0.258223
-0.252287
-0.244941
-0.236335
-0.227157
-0.218754
-0.213021
-0.211819
-0.21605
-0.225086
-0.237019
-0.249504
-0.260503
-0.268731
-0.27362
-0.275187
-0.273855
-0.270326
-0.26548
-0.260288
-0.255686
-0.252465
-0.251095
-0.25172
-0.254122
-0.257858
-0.262381
-0.267203
-0.271907
-0.27621
-0.279959
-0.283094
-0.285608
-0.287574
-0.289116
-0.290381
-0.291548
-0.292747
-0.294051
-0.295479
-0.296966
-0.298413
-0.299695
-0.300679
-0.301297
-0.301491
-0.301229
-0.300499
-0.29924
-0.29734
-0.294605
-0.290781
-0.28554
-0.278555
-0.26966
-0.259042
-0.247511
-0.236611
-0.228243
-0.223903
-0.22386
-0.227103
-0.232033
-0.237324
-0.24235
-0.247032
-0.251593
-0.256276
-0.261155
-0.266155
-0.271106
-0.275805
-0.280072
-0.283778
-0.286859
-0.28927
-0.291025
-0.292121
-0.292563
-0.292361
-0.291481
-0.289899
-0.287599
-0.284598
-0.28096
-0.276851
-0.272576
-0.268542
-0.265199
-0.262971
-0.262097
-0.262577
-0.264178
-0.266535
-0.269256
-0.272028
-0.274668
-0.277058
-0.27917
-0.280992
-0.282512
-0.283732
-0.284611
-0.285142
-0.285357
-0.28534
-0.285235
-0.285259
-0.28561
-0.286462
-0.2879
-0.289859
-0.29217
-0.294572
-0.296745
-0.298416
-0.299375
-0.299524
-0.298858
-0.297513
-0.295727
-0.293753
-0.291881
-0.290361
-0.289335
-0.288829
-0.288797
-0.289093
-0.289605
-0.290249
-0.291066
-0.292181
-0.293763
-0.295937
-0.298728
-0.302033
-0.30563
-0.309247
-0.312593
-0.315396
-0.317463
-0.318654
-0.318919
-0.318289
-0.316916
-0.315061
-0.313073
-0.311364
-0.310362
-0.310337
-0.31137
-0.313314
-0.315768
-0.318252
-0.320254
-0.321296
-0.321026
-0.319247
-0.315906
-0.311121
-0.305089
-0.298164
-0.290823
-0.283787
-0.278005
-0.274597
-0.274415
-0.277676
-0.283674
-0.290972
-0.29788
-0.302926
-0.305161
-0.304261
-0.300496
-0.29471
-0.288174
-0.282449
-0.279022
-0.278878
-0.282202
-0.288307
-0.29601
-0.304022
-0.311369
-0.317546
-0.322427
-0.32616
-0.328927
-0.330889
-0.332125
-0.332618
-0.332255
-0.330932
-0.328496
-0.324891
-0.320166
-0.31457
-0.308547
-0.302778
-0.29801
-0.29485
-0.293563
-0.293947
-0.295471
-0.297462
-0.299374
-0.300903
-0.302
-0.302843
-0.303702
-0.304817
-0.306331
-0.308235
-0.310454
-0.312823
-0.31527
-0.317767
-0.320365
-0.32315
-0.326186
-0.329485
-0.332972
-0.33648
-0.339826
-0.342818
-0.345289
-0.3471
-0.348151
-0.348415
-0.34786
-0.346525
-0.344472
-0.341819
-0.33873
-0.33541
-0.332108
-0.329037
-0.326372
-0.324202
-0.322546
-0.321387
-0.320644
-0.320285
-0.320262
-0.320544
-0.321121
-0.321877
-0.322701
-0.323424
-0.32384
-0.323759
-0.323028
-0.321629
-0.319702
-0.317525
-0.31549
-0.313967
-0.313177
-0.313084
-0.313395
-0.313682
-0.313529
-0.312664
-0.311038
-0.308816
-0.306236
-0.303574
-0.301047
-0.298774
-0.296745
-0.294965
-0.293425
-0.292198
-0.291387
-0.291113
-0.291474
-0.292469
-0.293989
-0.295795
-0.297588
-0.299096
-0.30008
-0.300408
-0.300088
-0.299285
-0.298277
-0.297394
-0.296952
-0.297103
-0.297838
-0.298933
-0.300081
-0.300928
-0.301187
-0.300637
-0.299212
-0.296937
-0.293944
-0.290448
-0.286713
-0.283035
-0.279657
-0.27676
-0.274369
-0.272404
-0.270669
-0.268884
-0.266793
-0.264188
-0.260996
-0.257343
-0.253548
-0.250153
-0.247761
-0.246833
-0.247598
-0.249881
-0.253098
-0.256437
-0.258933
-0.259673
-0.257903
-0.25328
-0.24616
-0.237971
-0.23117
-0.228402
-0.231035
-0.238282
-0.247788
-0.257098
-0.264643
-0.269978
-0.273401
-0.275566
-0.277185
-0.278881
-0.281018
-0.283719
-0.286924
-0.290363
-0.293748
-0.296764
-0.299156
-0.300695
-0.301243
-0.300716
-0.299079
-0.296367
-0.292709
-0.2883
-0.283431
-0.2784
-0.273529
-0.269055
-0.265149
-0.261921
-0.259388
-0.257573
-0.256441
-0.255958
-0.256161
-0.257203
-0.259294
-0.262616
-0.267215
-0.272922
-0.279332
-0.28593
-0.292219
-0.297805
-0.302447
-0.306032
-0.308547
-0.310058
-0.310666
-0.310486
-0.309629
-0.308252
-0.306501
-0.30457
-0.302692
-0.301124
-0.300137
-0.299945
-0.300628
-0.302117
-0.304204
-0.306629
-0.309139
-0.311589
-0.313937
-0.316219
-0.318472
-0.320672
-0.322621
-0.324026
-0.324555
-0.324005
-0.322399
-0.320112
-0.317826
-0.316339
-0.316209
-0.317447
-0.319491
-0.321454
-0.322446
-0.321946
-0.319831
-0.316411
-0.312281
-0.308213
-0.30502
-0.303389
-0.303811
-0.306415
-0.310932
-0.316689
-0.322689
-0.327877
-0.33137
-0.332659
-0.331719
-0.32917
-0.326169
-0.324112
-0.324086
-0.326392
-0.330466
-0.335235
-0.339577
-0.342761
-0.344471
-0.344698
-0.343588
-0.341344
-0.338085
-0.33388
-0.328805
-0.323077
-0.317311
-0.312547
-0.31011
-0.311109
-0.31578
-0.323328
-0.332291
-0.341095
-0.34858
-0.354095
-0.35748
-0.358835
-0.358439
-0.35667
-0.353887
-0.350431
-0.346615
-0.342662
-0.338851
-0.335534
-0.33312
-0.332077
-0.332746
-0.335158
-0.338956
-0.343505
-0.348064
-0.352019
-0.354993
-0.356891
-0.357777
-0.357886
-0.3575
-0.35681
-0.355983
-0.355077
-0.354046
-0.352822
-0.351343
-0.349607
-0.347636
-0.345477
-0.343192
-0.340742
-0.338089
-0.335182
-0.331994
-0.32865
-0.325448
-0.322869
-0.321503
-0.321848
-0.32418
-0.328303
-0.333617
-0.339128
-0.343683
-0.34616
-0.345743
-0.342267
-0.336458
-0.330197
-0.326034
-0.326041
-0.330638
-0.338382
-0.347031
-0.354774
-0.360802
-0.365098
-0.368043
-0.370026
-0.371191
-0.371369
-0.370144
-0.367008
-0.361444
-0.353175
-0.342433
-0.330265
-0.318619
-0.309928
-0.305893
-0.306536
-0.310146
-0.314493
-0.318008
-0.320296
-0.321908
-0.323809
-0.326811
-0.331263
-0.336889
-0.343069
-0.349097
-0.354386
-0.358609
-0.361664
-0.36356
-0.364389
-0.364281
-0.36334
-0.361647
-0.359284
-0.356349
-0.352965
-0.349325
-0.345696
-0.34241
-0.339763
-0.337942
-0.336929
-0.336478
-0.336124
-0.335334
-0.333584
-0.330463
-0.325768
-0.319524
-0.311951
-0.303477
-0.294677
-0.286203
-0.278766
-0.27302
-0.269442
-0.268069
-0.26854
-0.270342
-0.273185
-0.277246
-0.282844
-0.290037
-0.298386
-0.307031
-0.315095
-0.321935
-0.327247
-0.330995
-0.333338
-0.334496
-0.33472
-0.33422
-0.333198
-0.331817
-0.330206
-0.328473
-0.326677
-0.324875
-0.323066
-0.321253
-0.31937
-0.3174
-0.315252
-0.31286
-0.310196
-0.307263
-0.304155
-0.301029
-0.298132
-0.295723
-0.29403
-0.293105
-0.292829
-0.292876
-0.292771
-0.292013
-0.290195
-0.287054
-0.282548
-0.276861
-0.270508
-0.264231
-0.258978
-0.255661
-0.25495
-0.257059
-0.261644
-0.267939
-0.274989
-0.281885
-0.287929
-0.292644
-0.295798
-0.29725
-0.297005
-0.295143
-0.291836
-0.287468
-0.282587
-0.277915
-0.274185
-0.271948
-0.271384
-0.272318
-0.274317
-0.276916
-0.279743
-0.282578
-0.285261
-0.2877
-0.289797
-0.291419
-0.292416
-0.292667
-0.292043
-0.290398
-0.287638
-0.283749
-0.278808
-0.273172
-0.267467
-0.262579
-0.259463
-0.258774
-0.260579
-0.264338
-0.269139
-0.274053
-0.278347
-0.281662
-0.28386
-0.285006
-0.285254
-0.284812
-0.283885
-0.282688
-0.281432
-0.280316
-0.279539
-0.279238
-0.279528
-0.280457
-0.282042
-0.28421
-0.286846
-0.289863
-0.293111
-0.29648
-0.299859
-0.303153
-0.306317
-0.30929
-0.312045
-0.314561
-0.316829
-0.318823
-0.320517
-0.3219
-0.322977
-0.323729
-0.324175
-0.324332
-0.324249
-0.323991
-0.323644
-0.323307
-0.323127
-0.323214
-0.323708
-0.324711
-0.326284
-0.328418
-0.331061
-0.334057
-0.337209
-0.340258
-0.342943
-0.345002
-0.346236
-0.346534
-0.345898
-0.34446
-0.342516
-0.340517
-0.339024
-0.338585
-0.339675
-0.342561
-0.34723
-0.353454
-0.360862
-0.368998
-0.377384
-0.385556
-0.393089
-0.399554
-0.404575
-0.407825
-0.409
-0.407932
-0.404505
-0.398797
-0.391113
-0.382078
-0.372556
-0.363592
-0.356264
-0.351374
-0.349422
-0.350479
-0.354235
-0.360075
-0.367148
-0.374481
-0.381156
-0.38648
-0.390021
-0.391631
-0.391437
-0.38974
-0.387033
-0.383944
-0.381088
-0.378854
-0.37726
-0.375972
-0.374506
-0.372559
-0.37029
-0.368207
-0.367021
-0.367232
-0.368839
-0.37128
-0.37345
-0.373955
-0.371497
-0.365392
-0.35654
-0.348042
-0.344532
-0.349298
-0.361611
-0.377288
-0.391784
-0.402415
-0.40848
-0.410438
-0.409094
-0.405241
-0.399537
-0.392491
-0.38453
-0.376012
-0.367302
-0.358846
-0.351175
-0.344884
-0.340556
-0.33859
-0.339077
-0.341795
-0.346237
-0.351757
-0.357762
-0.363771
-0.369512
-0.374844
-0.379727
-0.384171
-0.388189
-0.391764
-0.394848
-0.397357
-0.399144
-0.399994
-0.399653
-0.397843
